  -0.0268116211
  -0.0381642383
  -0.0217830502
  -0.0099713259
  -0.0310964722
  -0.0394477455
  -0.0398220171
  -0.0345245859
  -0.0120329276
  -0.0145308933
  -0.0263149362
  -0.0291256203
  -0.0347427813
  -0.0264642218
  -0.0313734919
  -0.0203080191
   0.0034697897
  -0.0114052662
  -0.0078668712
   0.0003571436
   0.0203830579
   0.0071626560
   0.0037095408
   0.0259423378
  -0.0130487083
   0.0028959523
  -0.0025619587
   0.0262899286
   0.0164826125
   0.0141617801
   0.0214843774
   0.0041115864
   0.0117182651
   0.0099381492
   0.0382698947
   0.0175544958
   0.0083580132
   0.0289878629
   0.0158326091
   0.0167490276
  -0.0010089166
  -0.0123699023
  -0.0132850906
  -0.0278173963
  -0.0187873607
  -0.0274248109
  -0.0307143489
  -0.0052226125
  -0.0327415629
  -0.0167616535
   0.0000382982
  -0.0108878998
  -0.0252004105
  -0.0146049528
  -0.0121544741
   0.0108781559
   0.0020953209
   0.0118738447
   0.0034829221
  -0.0058416193
  -0.0006070168
   0.0158086441
   0.0107108770
   0.0094558515
   0.0044682862
   0.0105075450
   0.0060236166
   0.0127787740
  -0.0221679654
  -0.0290192932
  -0.0283611081
  -0.0101405394
  -0.0066409935
  -0.0131954576
  -0.0345386874
  -0.0302199309
  -0.0323992144
  -0.0366219129
  -0.0202142578
  -0.0330269767
  -0.0302359940
  -0.0210437514
  -0.0171038033
   0.0082415897
   0.0121502556
   0.0080326478
   0.0169568082
   0.0084146838
  -0.0051914350
   0.0159623147
   0.0090413063
  -0.0057186148
   0.0153706886
  -0.0263271360
  -0.0319640264
  -0.0431875543
  -0.0357108349
  -0.0120465392
  -0.0467453248
  -0.0496676050
  -0.0463423403
  -0.0296611880
  -0.0485321043
  -0.0505167692
  -0.0484112391
  -0.0362872751
  -0.0429816460
  -0.0468239342
  -0.0417400774
  -0.0263750071
  -0.0355414236
  -0.0108674109
   0.0148604005
   0.0070664742
   0.0117831816
   0.0087290500
   0.0129691446
   0.0150837156
   0.0053966882
   0.0018965147
   0.0044700030
   0.0101143751
   0.0104207051
   0.0053199345
  -0.0031794438
   0.0031970869
  -0.0029172216
  -0.0023199104
   0.0038590706
   0.0023611230
  -0.0023709631
   0.0153001345
   0.0176888844
   0.0072564234
   0.0419184588
   0.0273107829
   0.0279267170
   0.0240375165
   0.0361149057
   0.0335499353
   0.0447850947
   0.0389740474
   0.0101335518
   0.0107662271
   0.0204059703
   0.0168493958
   0.0111650198
   0.0160963476
   0.0287794630
   0.0234047423
   0.0223177338
   0.0272203676
   0.0275636294
   0.0328321546
   0.0240116562
   0.0420647175
   0.0248275884
   0.0345649052
   0.0442719190
   0.0273508393
   0.0371432872
   0.0394874062
   0.0301447715
   0.0304362375
  -0.0206727097
   0.0016000851
  -0.0082938803
  -0.0012808600
   0.0076922333
   0.0126378013
   0.0098190027
   0.0100960955
   0.0082508941
   0.0116336180
   0.0108798858
   0.0110365342
   0.0075655577
   0.0093973674
   0.0060316754
  -0.0055343407
   0.0079986327
   0.0102654728
  -0.0161067427
   0.0044516803
   0.0111247962
   0.0107490019
   0.0060677983
   0.0137326678
   0.0057029244
   0.0138566905
   0.0076874941
  -0.0121977131
   0.0138908783
   0.0084174874
  -0.0136063491
  -0.0145263958
   0.0121005880
   0.0058115115
   0.0062469405
   0.0087214457
   0.0010060924
  -0.0220714792
   0.0071781457
   0.0083637351
   0.0028938650
  -0.0166267864
   0.0090331140
   0.0075029856
   0.0069096069
  -0.0036970075
   0.0074099307
   0.0074831637
   0.0053874427
   0.0067812463
   0.0071938172
   0.0028562846
   0.0063415388
   0.0085905376
   0.0018473844
  -0.0105798502
  -0.0174168279
   0.0059825807
  -0.0352531715
  -0.0112683868
   0.0026737903
  -0.0146435121
   0.0043043656
   0.0096455531
  -0.0225074139
   0.0022958290
   0.0081944997
  -0.0015776656
  -0.0210630256
  -0.0284084196
  -0.0181194998
  -0.0108339523
  -0.0229475171
  -0.0290258525
  -0.0303971315
  -0.0257189558
  -0.0111255877
  -0.0125015492
  -0.0211773170
  -0.0243367829
  -0.0280703721
  -0.0244621079
  -0.0258919805
  -0.0184029637
  -0.0043108565
  -0.0087960678
  -0.0170817518
  -0.0083519637
  -0.0153723052
  -0.0120795743
   0.0040705898
   0.0138311200
   0.0110571406
   0.0305490460
   0.0368646538
  -0.0009456569
  -0.0062381494
   0.0091127723
   0.0336197158
   0.0156417427
   0.0114497513
   0.0194889894
   0.0002377352
   0.0036413849
   0.0052122908
   0.0214340870
   0.0101087240
   0.0202818111
   0.0083250806
   0.0281125622
   0.0238506467
   0.0130961128
   0.0185493197
   0.0137480889
  -0.0067113516
  -0.0077637558
  -0.0166022125
  -0.0116652338
  -0.0195158262
  -0.0176717564
   0.0010965569
  -0.0209289876
  -0.0174991449
   0.0050602813
  -0.0203926431
  -0.0095287931
   0.0007248495
  -0.0067531424
  -0.0150818279
  -0.0078934039
  -0.0061015102
   0.0079693230
   0.0013450468
   0.0086377608
   0.0089974092
   0.0073308345
  -0.0016124367
   0.0142425812
   0.0094478043
   0.0094263075
   0.0009783537
   0.0050168465
   0.0070895691
   0.0095278588
  -0.0154956417
  -0.0206470217
  -0.0195977862
  -0.0081606295
  -0.0063960574
  -0.0250305635
  -0.0210204682
  -0.0218789608
  -0.0272964175
  -0.0220572324
  -0.0267647302
  -0.0203338371
  -0.0102871526
  -0.0218767280
  -0.0197348021
  -0.0106764841
  -0.0089843237
   0.0067376244
   0.0083077109
   0.0073659036
   0.0138999535
   0.0042820031
  -0.0050947454
   0.0097917337
   0.0151596206
   0.0061717876
  -0.0020653725
  -0.0184302460
  -0.0315546823
  -0.0258589610
  -0.0096151595
  -0.0342448667
  -0.0381495743
  -0.0348297736
  -0.0212586257
  -0.0350726994
  -0.0398841670
  -0.0397554760
  -0.0347172537
  -0.0334614655
  -0.0387370342
  -0.0384816178
  -0.0324760807
  -0.0308200653
  -0.0342505417
  -0.0275112305
  -0.0172796429
  -0.0237983891
   0.0059660486
   0.0090523692
   0.0073233218
   0.0051843568
  -0.0002416502
   0.0105797711
   0.0107236906
   0.0119708177
   0.0023870095
   0.0079976331
   0.0006427778
   0.0024722755
   0.0065561527
   0.0076534084
   0.0066448019
   0.0019694392
   0.0064207241
   0.0040674663
  -0.0066218468
  -0.0037011252
  -0.0029293961
  -0.0047304962
  -0.0010530684
  -0.0090933840
  -0.0031938321
  -0.0058381721
   0.0013549757
   0.0077353757
   0.0262542422
   0.0168619630
   0.0188323103
   0.0138053004
   0.0345747053
   0.0249728901
   0.0252046487
   0.0224877041
   0.0313360084
   0.0294900041
   0.0363844707
   0.0339004983
   0.0134740850
   0.0107113983
   0.0068782364
  -0.0048097926
   0.0251925957
   0.0186359670
   0.0154101398
   0.0120193820
   0.0116895930
   0.0247731240
   0.0203552741
   0.0186114693
   0.0205771701
   0.0261418492
   0.0303435564
   0.0233669547
   0.0326540260
   0.0201014289
   0.0270146211
   0.0375517997
   0.0160423524
   0.0256919241
   0.0314503203
   0.0367869863
   0.0105576761
   0.0238492019
   0.0310183050
   0.0322629083
   0.0153115971
   0.0259116202
   0.0248919412
  -0.0135063318
  -0.0193411025
  -0.0043307622
   0.0044980520
  -0.0015537097
  -0.0025438359
   0.0032405005
   0.0077846791
   0.0102049211
   0.0074146717
   0.0080581770
   0.0061086395
   0.0073467154
   0.0090205004
   0.0081086474
   0.0083400421
   0.0044692399
   0.0067548863
   0.0049652985
  -0.0065777248
  -0.0001783932
   0.0063225874
   0.0070460926
  -0.0050054002
   0.0049727381
   0.0082255020
   0.0075186622
   0.0054042022
  -0.0066420272
   0.0044978230
   0.0089968954
   0.0098889925
   0.0090206097
   0.0028000581
   0.0111646118
   0.0072918815
  -0.0020083791
   0.0092471170
   0.0030687252
   0.0078429467
   0.0010493127
   0.0042922233
   0.0030956303
  -0.0083988403
   0.0065516845
   0.0057281730
   0.0016401092
  -0.0092623055
   0.0045038059
   0.0058457086
   0.0035713446
  -0.0051368424
   0.0069742724
   0.0054160766
   0.0052751500
   0.0005341363
  -0.0028257959
   0.0051154273
   0.0046002797
   0.0035053272
   0.0041389621
   0.0050612652
   0.0026956478
   0.0014439960
   0.0042274260
   0.0060819757
   0.0032891768
  -0.0029595621
  -0.0103858021
  -0.0077125427
   0.0046897194
   0.0004276033
  -0.0121618368
  -0.0087170073
  -0.0011634982
   0.0046874599
  -0.0149168407
  -0.0001993003
   0.0054975495
  -0.0066955400
   0.0029504913
   0.0067237731
  -0.0032997746
   0.0039068204
  -0.0049742088
  -0.0169809050
  -0.0223281846
  -0.0151027594
  -0.0095328691
  -0.0175365044
  -0.0222822774
  -0.0232834395
  -0.0207377930
  -0.0122302157
  -0.0118803427
  -0.0158500887
  -0.0180942500
  -0.0212860585
  -0.0177871925
  -0.0193731785
  -0.0152469117
  -0.0064076807
  -0.0004816430
  -0.0051998845
  -0.0120576817
  -0.0041757585
  -0.0099380595
  -0.0089113986
  -0.0032807628
   0.0036611584
  -0.0002107343
   0.0150721942
   0.0261817088
   0.0305571908
  -0.0079431955
   0.0278706311
   0.0146704839
   0.0024222910
   0.0100246160
   0.0062303723
   0.0126029842
   0.0044814123
   0.0226439412
   0.0201369424
   0.0116221381
   0.0148270539
   0.0120084366
  -0.0035548228
  -0.0046097042
  -0.0099648820
  -0.0071542865
  -0.0120336327
  -0.0112731806
   0.0010620450
  -0.0144408760
  -0.0068470498
  -0.0135145935
  -0.0106952435
  -0.0079005702
  -0.0125125666
  -0.0048146780
   0.0019067204
  -0.0035469779
  -0.0086803892
  -0.0034648004
  -0.0021828834
   0.0060393915
   0.0010491737
   0.0082026939
   0.0075364085
   0.0054806280
  -0.0019155518
   0.0090180370
   0.0093628329
  -0.0005917715
   0.0019028079
   0.0075461678
   0.0078788090
  -0.0113613637
  -0.0155611399
  -0.0140302116
  -0.0054341878
  -0.0182145134
  -0.0176672057
  -0.0151429451
  -0.0207231529
  -0.0149080807
  -0.0200373136
  -0.0171057567
  -0.0146369510
  -0.0154618411
  -0.0072997378
  -0.0053953786
  -0.0051024599
   0.0041669708
   0.0055954414
   0.0104782863
   0.0066491436
   0.0112932546
   0.0022313599
  -0.0044653157
   0.0059910704
   0.0114128203
   0.0046848309
  -0.0001147450
  -0.0132211227
  -0.0244616160
  -0.0195798863
  -0.0296688227
  -0.0299402985
  -0.0240349333
  -0.0231074210
  -0.0307256363
  -0.0325467905
  -0.0305132133
  -0.0226936657
  -0.0296645516
  -0.0314243420
  -0.0288403198
  -0.0200327543
  -0.0265063771
  -0.0251722386
  -0.0122597918
  -0.0174661800
   0.0049317411
   0.0025482717
   0.0074200169
   0.0061756745
   0.0041185682
   0.0002328883
   0.0021465307
   0.0070826760
   0.0086532595
   0.0084687537
   0.0092029727
   0.0016248992
   0.0063618661
   0.0041545398
   0.0001135012
   0.0014440098
   0.0040999749
   0.0051684979
   0.0044371328
   0.0007392603
   0.0051115478
   0.0042774835
  -0.0008482350
   0.0035483115
  -0.0059214272
  -0.0056876037
  -0.0064395028
  -0.0043757821
  -0.0075426345
  -0.0056165911
   0.0003064403
   0.0047608377
   0.0205967514
   0.0127836405
   0.0154638442
   0.0109529662
   0.0286499206
   0.0207594216
   0.0216028427
   0.0191750993
   0.0266755450
   0.0258084549
   0.0322702138
   0.0080860206
   0.0052020870
  -0.0042236333
   0.0160969444
   0.0129351483
   0.0098559058
   0.0076769652
   0.0122989075
   0.0218381615
   0.0172812216
   0.0154924341
   0.0174984071
   0.0202980608
   0.0272917472
   0.0173846102
   0.0227281369
   0.0323671188
   0.0146256402
   0.0220482519
   0.0268414053
   0.0318548722
   0.0110924911
   0.0209135976
   0.0266785234
   0.0278299487
   0.0216292844
  -0.0119316183
  -0.0013577243
   0.0051675714
  -0.0002446703
  -0.0055122211
  -0.0014371491
   0.0035793179
   0.0069473355
   0.0066000262
   0.0042648322
   0.0052941020
   0.0071685103
   0.0065874161
   0.0066060246
   0.0025331613
   0.0050911072
   0.0035588851
  -0.0084966949
  -0.0021861925
   0.0042017637
   0.0051520327
  -0.0150844297
  -0.0012681055
   0.0046760665
   0.0064057325
   0.0054382762
  -0.0177884311
  -0.0018812237
   0.0049320484
   0.0076912422
   0.0060800026
  -0.0003190819
   0.0081005046
   0.0040867870
  -0.0056746840
   0.0062284553
  -0.0005142888
   0.0063267146
  -0.0001747708
   0.0045894540
   0.0020848678
  -0.0044574712
  -0.0200096744
   0.0041864366
   0.0031402750
  -0.0018574489
  -0.0139495172
   0.0040938207
   0.0035869621
  -0.0010829083
  -0.0040223786
   0.0037821326
   0.0027726122
   0.0019462770
   0.0025931228
   0.0032709600
   0.0008079888
  -0.0003485683
   0.0025907076
   0.0030456757
  -0.0013362474
  -0.0081260642
  -0.0129586078
  -0.0055372457
  -0.0065849711
  -0.0220592654
  -0.0089056020
  -0.0022637759
  -0.0033736393
   0.0026912875
  -0.0101288279
  -0.0000912521
   0.0040877160
  -0.0065733845
   0.0014118549
  -0.0052639212
  -0.0140183888
  -0.0176218393
  -0.0129976070
  -0.0080547664
  -0.0091669484
  -0.0139683538
  -0.0174186325
  -0.0186068117
  -0.0169154143
  -0.0120599211
  -0.0067325057
  -0.0113584445
  -0.0137297594
  -0.0155773088
  -0.0176252054
  -0.0158054786
  -0.0163762138
  -0.0135772073
  -0.0081175885
  -0.0052894740
  -0.0085241027
  -0.0126531995
  -0.0082359880
  -0.0112651055
  -0.0109279287
  -0.0077377116
  -0.0023810129
  -0.0025762318
  -0.0007442492
   0.0083754648
   0.0053331221
   0.0150597244
   0.0226241557
   0.0257584186
   0.0215477408
  -0.0084506525
   0.0135118135
   0.0006088409
   0.0038685246
   0.0075379289
   0.0050788888
   0.0134453864
   0.0187685652
   0.0172390217
   0.0105636335
   0.0124767592
   0.0107706495
  -0.0018427913
  -0.0028942617
  -0.0060232217
  -0.0044189266
  -0.0082734570
  -0.0060950106
  -0.0072374575
  -0.0090524998
  -0.0022764607
  -0.0075652816
  -0.0089456251
  -0.0010318900
  -0.0090169134
  -0.0044531792
  -0.0048991123
  -0.0074330769
  -0.0017508696
   0.0028551311
  -0.0012913565
  -0.0045904263
  -0.0006209226
   0.0002892567
   0.0044500167
   0.0007705436
   0.0003462567
   0.0078254862
   0.0066107201
   0.0048192158
   0.0038662502
  -0.0021790099
   0.0085915897
   0.0090792019
  -0.0013902106
   0.0000349158
  -0.0004527177
   0.0076648236
   0.0069170468
  -0.0087835206
  -0.0119957103
  -0.0104561987
  -0.0056104646
  -0.0133339910
  -0.0142889458
  -0.0107597474
  -0.0157596688
  -0.0140258297
  -0.0086297422
  -0.0147515562
  -0.0159536153
  -0.0089393421
  -0.0140438232
  -0.0136024523
  -0.0077438242
  -0.0103616584
  -0.0067751680
  -0.0009136742
  -0.0016607231
   0.0025246908
   0.0035609185
   0.0065167112
   0.0058447791
   0.0092463953
   0.0010430393
  -0.0038584610
   0.0035611271
  -0.0029885825
   0.0089083795
   0.0038267324
   0.0009050238
  -0.0097998560
  -0.0184121723
  -0.0148474571
  -0.0209817834
  -0.0238311208
  -0.0221033463
  -0.0156302222
  -0.0224237094
  -0.0259749529
  -0.0259775639
  -0.0225491540
  -0.0236296200
  -0.0263174476
  -0.0261025972
  -0.0229708763
  -0.0209027816
  -0.0242800507
  -0.0236635837
  -0.0186321560
  -0.0112359720
  -0.0183226566
  -0.0196614494
  -0.0082015565
  -0.0117665021
   0.0056966810
   0.0038374901
   0.0021222202
   0.0062233751
   0.0052827776
   0.0006641941
   0.0030416306
  -0.0029556927
  -0.0053162019
   0.0025711921
   0.0059251791
   0.0065881862
   0.0038997804
   0.0063551831
   0.0071118864
   0.0069895842
   0.0061003542
   0.0015824887
   0.0052462975
   0.0032800007
  -0.0002916027
   0.0006846528
   0.0025245291
   0.0031439285
   0.0032760652
   0.0016407542
   0.0036377950
   0.0030785478
   0.0002623191
  -0.0068569299
   0.0034072621
   0.0023705469
  -0.0005539427
   0.0032482428
  -0.0071499896
  -0.0064558044
  -0.0066063519
  -0.0057701337
  -0.0075625062
  -0.0054943238
  -0.0049865326
   0.0130708850
   0.0067210450
   0.0093786270
   0.0038922558
   0.0205414859
   0.0144617961
   0.0158152085
   0.0128679785
   0.0264107123
   0.0199123517
   0.0200670754
   0.0182633446
   0.0242950235
   0.0233526988
   0.0283421006
   0.0016459675
   0.0090854053
   0.0065666767
   0.0018909619
   0.0148527410
   0.0119587247
   0.0095659467
   0.0084903563
   0.0114919432
   0.0193227643
   0.0153955365
   0.0138889201
   0.0156109009
   0.0178942602
   0.0204582988
   0.0133634199
   0.0176912828
   0.0266189414
   0.0127044012
   0.0183419117
   0.0221478856
   0.0285946298
   0.0141705482
   0.0198381341
   0.0238886430
   0.0271627835
   0.0095094588
   0.0176692363
   0.0227389645
   0.0236384744
   0.0183438198
  -0.0104618581
  -0.0114345452
  -0.0035901613
   0.0019101639
   0.0056468957
   0.0010662229
  -0.0026618358
  -0.0004538959
   0.0030552598
   0.0056206882
   0.0054924403
   0.0036465512
   0.0042503923
   0.0057714407
   0.0054515877
   0.0053942503
   0.0012486411
   0.0037009861
  -0.0068644025
  -0.0026903397
   0.0025262010
   0.0036698633
  -0.0130448238
  -0.0022148278
   0.0029218766
   0.0046488975
   0.0041620021
  -0.0089960296
   0.0000017285
   0.0042045254
   0.0057670381
  -0.0004234666
   0.0057172011
   0.0016575212
   0.0057643142
   0.0017270574
   0.0046668689
  -0.0008858236
   0.0049625485
  -0.0002560607
   0.0022961025
  -0.0020411747
  -0.0112323477
   0.0033414238
   0.0021091701
  -0.0016337118
  -0.0099018783
   0.0030387745
   0.0019329631
  -0.0022437976
  -0.0112082566
   0.0033684158
   0.0024650656
  -0.0012162618
  -0.0024979145
   0.0029454373
   0.0015266295
   0.0010829538
   0.0015787286
   0.0019590464
   0.0000397072
  -0.0007287160
   0.0013951313
   0.0029356416
   0.0018449548
  -0.0013927115
  -0.0060376793
  -0.0086484771
  -0.0038427577
   0.0025411792
  -0.0021546921
  -0.0097453443
  -0.0024426449
  -0.0035475692
   0.0013899394
  -0.0106681110
  -0.0019698002
   0.0021673741
  -0.0028140235
   0.0017802169
  -0.0064239372
   0.0004230379
