   3.3016648494    1.0256508165    2.8336892074
   4.2816648494    1.0256508165    2.5710989988
   3.7916648494    1.8743557122    2.5710989988
   2.3216648494    1.0256508165    2.5710989988
   2.8116648494    0.1769459208    2.5710989988
   3.7916648494    0.1769459208    2.5710989988
   4.9990746408    1.0256508165    1.8536892074
   4.6748982171    2.0233632590    1.8536892074
   3.8261933214    2.6399834594    1.8536892074
   1.9284314817    0.0279383740    1.8536892074
   2.7771363774   -0.5886818265    1.8536892074
   3.8261933214   -0.5886818265    1.8536892074
   4.6748982171    0.0279383740    1.8536892074
   5.2616648494    1.0256508165    0.8736892074
   4.9990746408    2.0056508165    0.8736892074
   4.2816648494    2.7230606079    0.8736892074
   4.2816648494   -0.6717589750    0.8736892074
   4.9990746408    0.0456508165    0.8736892074
   4.6748982171    2.0233632590   -0.1063107926
   3.8261933214    2.6399834594   -0.1063107926
   3.8659125793   -1.1231869599    0.6612689873
   4.9698743289    1.5070369751   -0.3887310127
   4.3033526432    2.2593844322   -0.3887310127
   4.6403652290    1.5143565465   -1.4387310127
   1.9558221748   -0.3591934531    1.6352592941
   1.4308221748   -1.2685201271    1.3539126420
   2.4808221748   -1.2685201271    1.3539126420
   3.4857707287   -1.3424316858    0.5852592941
   1.4308221748    0.5501332209   -2.2833940539
   0.9058221748   -0.3591934531   -2.2833940539
   1.9558221748   -0.3591934531   -2.5647407059
   1.9179907606   -1.6411700935    1.2839484842
   2.9679907606   -1.6411700935    1.0026018322
   2.4429907606   -2.5504967674    1.0026018322
   3.7366441085   -1.6411700935    0.2339484842
   2.6734866648   -3.2954753672    0.2339484842
   2.1711177891   -3.7258587291   -0.8160515158
   2.4429907606   -0.7318434195   -2.6347048637
   1.3929907606   -0.7318434195   -2.6347048637
   1.9179907606   -1.6411700935   -2.9160515158
   0.7160514261   -2.1635388059    1.2837853350
   0.1910514261   -3.0728654798    1.0024386830
   1.2410514261   -3.0728654798    1.0024386830
   0.4572300690   -3.9636808850    0.2337853350
   1.4715473303   -3.8178440796    0.2337853350
  -0.0286188367   -4.1270729155   -0.8162146650
   0.9691784547   -4.2482274415   -0.8162146650
   1.9089873943   -3.8918049242   -0.8162146650
   0.4572300690   -3.9636808850   -1.8662146650
   1.4715473303   -3.8178440796   -1.8662146650
   0.1910514261   -1.2542121319   -2.6348680129
  -0.3339485739   -2.1635388059   -2.6348680129
   0.1910514261   -3.0728654798   -2.6348680129
   1.2410514261   -3.0728654798   -2.6348680129
   0.7160514261   -2.1635388059   -2.9162146650
  -0.0762824217   -1.1462589521    1.6706855748
   0.4487175783   -2.0555856261    1.3893389228
  -0.6012824217   -0.2369322782   -2.2479677731
  -0.0762824217   -1.1462589521   -2.5293144252
   1.6905509376   -0.0162710137    1.6134542535
   1.1655509376   -0.9255976876    1.6134542535
   1.1655509376    0.8930556603   -2.0238524424
   0.1155509376    0.8930556603   -2.0238524424
   0.6405509376   -0.0162710137   -2.3051990944
   0.0613367455    1.1939985554    2.3795505212
   0.5863367455    0.2846718814    2.0982038691
   0.5863367455    2.1033252293   -1.5391028268
  -0.4636632545    2.1033252293   -1.5391028268
   0.6719727296    2.2027932073    2.5092092990
   1.1619727296    3.0514981030    2.2466190904
   0.1819727296    3.0514981030    2.2466190904
  -0.3080272704    2.2027932073    2.2466190904
   1.1619727296    1.3540883116    2.2466190904
   2.0452060973    3.2005056498    1.5292092990
   1.1965012016    3.8171258502    1.5292092990
   0.1474442576    3.8171258502    1.5292092990
   1.6519727296    3.9002029987    0.5492092990
   0.6719727296    4.1627932073    0.5492092990
   2.0452060973    3.2005056498   -0.4307907010
   1.1965012016    3.8171258502   -0.4307907010
   0.1474442576    3.8171258502   -0.4307907010
   1.1619727296    3.0514981030   -1.1482004924
   0.1819727296    3.0514981030   -1.1482004924
  -1.3155479201    1.0929266695    2.5168195586
  -0.7905479201    0.1835999956    2.2354729065
  -1.8405479201    2.0022533435   -1.4018337894
  -1.3155479201    1.0929266695   -1.6831804414
  -2.0809782426   -0.0466390177    2.2707890854
  -2.6059782426   -0.9559656917    1.9894424333
  -1.5559782426   -0.9559656917    1.9894424333
  -2.6059782426    0.8626876562   -1.6478642626
  -3.1309782426   -0.0466390177   -1.6478642626
  -2.0809782426   -0.0466390177   -1.9292109146
  -3.2672716828   -0.0315295906    2.2923588590
  -3.7572716828    0.8171753051    2.0297686504
  -4.2472716828   -0.0315295906    2.0297686504
  -3.7572716828   -0.8802344863    2.0297686504
  -2.7772716828   -0.8802344863    2.0297686504
  -4.6405050505    0.9661828519    1.3123588590
  -4.9646814742   -0.0315295906    1.3123588590
  -4.6405050505   -1.0292420331    1.3123588590
  -3.7918001548   -1.6458622336    1.3123588590
  -4.9646814742    0.9484704094    0.3323588590
  -5.2272716828   -0.0315295906    0.3323588590
  -4.9646814742   -1.0115295906    0.3323588590
  -4.2472716828   -1.7289393821    0.3323588590
  -4.6405050505    0.9661828519   -0.6476411410
  -4.9646814742   -0.0315295906   -0.6476411410
  -4.6405050505   -1.0292420331   -0.6476411410
  -3.7572716828    0.8171753051   -1.3650509324
  -4.2472716828   -0.0315295906   -1.3650509324
  -3.2672716828   -0.0315295906   -1.6276411410
  -1.4321577557   -1.1785897101    1.8443738854
  -0.9071577557   -2.0879163841    1.5630272334
  -1.9571577557   -0.2692630362   -2.0742794625
  -1.4321577557   -1.1785897101   -2.3556261146
  -3.7956814949   -3.7738304373   -0.4939724574
  -2.9684791865   -4.3448069646   -0.4939724574
  -1.1738089237   -2.3812728550   -2.3126258054
  -1.0166875478    2.2591041345    2.7074910025
  -1.5416875478    3.1684308085    2.7074910025
  -3.2576522141    3.6335506281    1.9388376546
  -2.8113578106    4.2226382442    0.8888376546
  -1.5416875478    3.1684308085   -0.9298156934
   2.6330260112    1.6776135868    2.7273673115
   2.9381738730    2.6167621374    2.4065158620
   1.8341385375    2.2580393116    2.4065158620
   1.8341385375    1.0971878621    2.4065158620
   2.9104767191    3.2511147426    1.5665158620
   2.9104767191    3.2511147426    0.5282187609
   4.9636330299   -0.0526774921    0.6934807496
   4.2813016678   -0.9918260426    0.6934807496
   5.5739287534   -0.0526774921   -0.1465192504
   5.2001204258    0.9743524472   -0.1465192504
   4.2536045139   -1.6261786478   -0.1465192504
   5.2001204258   -1.0797074313   -0.1465192504
   5.5739287534   -0.0526774921   -1.1848163515
   5.2001204258    0.9743524472   -1.1848163515
   5.2001204258   -1.0797074313   -1.1848163515
   4.9636330299   -0.0526774921   -2.0248163515
   4.2813016678   -0.9918260426   -2.0248163515
   3.9761538060   -0.0526774921   -2.3456678010
   4.1871382871    2.3488590837   -0.5948421100
   3.2406223753    2.8953303002   -0.5948421100
   4.1871382871    2.3488590837   -1.6331392111
   3.2406223753    2.8953303002   -1.6331392111
   2.1642841937    2.7055428384   -1.6331392111
   1.4617543396    1.8683003609   -1.6331392111
   3.9506508912    1.3218291444   -2.4731392111
   3.2683195291    2.2609776950   -2.4731392111
   2.1642841937    1.9022548691   -2.4731392111
   2.1642841937    0.7414034197   -2.4731392111
   2.9631716674    1.3218291444   -2.7939906606
   3.7917093526   -2.1824225604    0.2794977967
   3.1093779905   -3.1215711110    0.2794977967
   4.4020050761   -2.1824225604   -0.5605022033
   3.0816808367   -3.7559237162   -0.5605022033
   4.0281967485   -3.2094524997   -0.5605022033
   4.4020050761   -2.1824225604   -1.5987993044
   3.0816808367   -3.7559237162   -1.5987993044
   4.0281967485   -3.2094524997   -1.5987993044
   3.7917093526   -2.1824225604   -2.4387993044
   3.1093779905   -3.1215711110   -2.4387993044
   2.8042301287   -2.1824225604   -2.7596507538
  -4.4751026316   -1.6394625405   -0.7278521261
  -4.4751026316   -2.7324049735   -0.7278521261
  -3.7725727776   -0.8022200631   -1.7661492272
  -4.4751026316   -1.6394625405   -1.7661492272
  -4.4751026316   -2.7324049735   -1.7661492272
  -3.7725727776   -3.5696474510   -1.7661492272
  -1.9862060801   -2.1859337570   -2.6061492272
  -2.6685374421   -1.2467852065   -2.6061492272
  -3.7725727776   -1.6055080323   -2.6061492272
  -3.7725727776   -2.7663594818   -2.6061492272
  -2.6685374421   -3.1250823076   -2.6061492272
  -2.9736853039   -2.1859337570   -2.9270006767
  -2.7171657603   -2.6869679177    2.0977400198
  -1.7296865365   -2.6869679177    1.7768885704
  -2.4120178986   -1.7478193672    1.7768885704
  -3.5160532340   -2.1065421930    1.7768885704
  -3.5160532340   -3.2673936425    1.7768885704
  -2.4120178986   -3.6261164683    1.7768885704
  -4.2185830880   -2.1404967012    0.9368885704
  -4.2185830880   -3.2334391342    0.9368885704
  -3.5160532340   -4.0706816117    0.9368885704
  -2.4397150524   -4.2604690735    0.9368885704
  -4.2185830880   -3.2334391342   -0.1014085307
  -3.5160532340   -4.0706816117   -0.1014085307
  -1.2495846133   -4.0955287941    0.5296865222
  -2.3536199487   -4.5400939375   -0.3103134778
  -1.2772817671   -4.7298813993   -0.3103134778
  -0.3307658553   -4.1834101828   -0.3103134778
  -2.3536199487   -4.5400939375   -1.3486105789
  -1.2772817671   -4.7298813993   -1.3486105789
  -0.3307658553   -4.1834101828   -1.3486105789
  -0.5672532512   -3.1563802436   -2.1886105789
  -2.3536199487   -3.7368059683   -2.1886105789
  -1.2495846133   -4.0955287941   -2.1886105789
  -1.5547324751   -3.1563802436   -2.5094620283
  -3.6234062626    3.9045327468    0.6847098327
  -4.3259361167    3.0672902693    0.6847098327
  -4.3259361167    1.9743478363    0.6847098327
  -2.5470680810    4.0943202086   -0.3535872684
  -3.6234062626    3.9045327468   -0.3535872684
  -4.3259361167    3.0672902693   -0.3535872684
  -4.3259361167    1.9743478363   -0.3535872684
  -1.8370395651    2.5208190528   -1.1935872684
  -2.5193709272    3.4599676034   -1.1935872684
  -3.6234062626    3.1012447776   -1.1935872684
  -3.6234062626    1.9403933281   -1.1935872684
  -2.8245187889    2.5208190528   -1.5144387179
  -2.5489231362    2.0311482540    3.5084003364
  -1.5614439123    2.0311482540    3.1875488869
  -2.2437752744    2.9702968045    3.1875488869
  -3.3478106098    2.6115739787    3.1875488869
  -3.3478106098    1.4507225292    3.1875488869
  -2.2437752744    1.0919997034    3.1875488869
  -3.3478106098    3.4148619479    2.3475488869
  -4.0503404639    2.5776194705    2.3475488869
  -4.0503404639    1.4846770375    2.3475488869
  -3.3478106098    0.6474345600    2.3475488869
  -2.2714724282    0.4576470982    2.3475488869
  -4.0503404639    1.4846770375    1.3092517858
  -0.3842815592    3.0700479495    2.3734819455
  -1.0666129213    4.0091965001    2.3734819455
  -0.1477941632    4.0970778888    1.5334819455
  -1.0943100751    4.6435491053    1.5334819455
  -2.1706482567    4.4537616435    1.5334819455
  -0.1477941632    4.0970778888    0.4951848444
  -1.0943100751    4.6435491053    0.4951848444
  -2.1706482567    4.4537616435    0.4951848444
  -1.0666129213    4.0091965001   -0.3448151556
   3.3016648494    1.0256508165    3.1136892074
   4.2735644250    1.0256508165    2.8918594715
   3.7876146372    1.8673405389    2.8918594715
   2.3297652738    1.0256508165    2.8918594715
   2.8157150616    0.1839610940    2.8918594715
   3.7876146372    0.1839610940    2.8918594715
   5.0529673701    1.0256508165    2.2703063635
   4.7184983510    2.0550406104    2.2703063635
   3.8428470906    2.6912384908    2.2703063635
   1.8848313478   -0.0037389775    2.2703063635
   2.7604826082   -0.6399368579    2.2703063635
   3.8428470906   -0.6399368579    2.2703063635
   4.7184983510   -0.0037389775    2.2703063635
   5.4855033727    1.0256508165    1.3721360994
   5.2353578289    2.0405311822    1.3721360994
   4.5422265270    2.8229146868    1.3721360994
   3.5648974952   -1.1422650652    1.3721360994
   4.5422265270   -0.7716130539    1.3721360994
   5.2353578289    0.0107704507    1.3721360994
   5.4855033727    1.0256508165    0.3752423153
   5.2353578289    2.0405311822    0.3752423153
   4.5422265270    2.8229146868    0.3752423153
   3.8898995602   -1.1757111216    1.1076445118
   5.2185279487    1.5463311968   -0.9227812542
   4.5692749410    2.3604687175   -0.9227812542
   4.1517376490    0.5311183138   -2.5510562956
   3.6310771620   -0.3706921031   -2.5510562956
   1.4351616878   -1.2610038700    1.6975845770
   2.4764826617   -1.2610038700    1.6975845770
   3.5343465668   -1.3736494814    1.0316348185
   2.9971431486   -0.3591934531   -2.6270659889
   1.4351616878    0.5426169638   -2.6270659889
   0.9145012009   -0.3591934531   -2.6270659889
   1.9558221748   -0.3591934531   -2.8647407059
   1.9179907606   -1.6411700935    1.5839484842
   2.9593117345   -1.6411700935    1.3462737672
   2.4386512475   -2.5429805103    1.3462737672
   3.7943863185   -1.6411700935    0.6803240087
   2.6974736457   -3.3479995289    0.6803240087
   3.4965151527   -2.6556261218    0.6803240087
   2.4386512475   -3.9223327349   -0.2820012743
   2.9593117345   -1.6411700935   -2.9783767987
   2.4386512475   -0.7393596766   -2.9783767987
   1.3973302737   -0.7393596766   -2.9783767987
   2.4386512475   -2.5429805103   -2.9783767987
   1.9179907606   -1.6411700935   -3.2160515158
   0.1953909392   -3.0653492227    1.3461106180
   1.2367119131   -3.0653492227    1.3461106180
   0.4490124958   -4.0208353625    0.6801608595
   1.4955343112   -3.8703682413    0.6801608595
   0.1953909392   -4.4447014473   -0.2821644235
   1.2367119131   -4.4447014473   -0.2821644235
   2.1749096920   -3.9928892096   -0.2821644235
   0.1953909392   -4.4447014473   -1.3502649065
   1.2367119131   -4.4447014473   -1.3502649065
   2.1749096920   -3.9928892096   -1.3502649065
   0.4490124958   -4.0208353625   -2.3125901895
   1.4955343112   -3.8703682413   -2.3125901895
   0.1953909392   -1.2617283890   -2.9785399480
  -0.3252695478   -2.1635388059   -2.9785399480
   0.1953909392   -3.0653492227   -2.9785399480
   1.2367119131   -3.0653492227   -2.9785399480
   0.7160514261   -2.1635388059   -3.2162146650
  -0.0762824217   -1.1462589521    1.9706855748
   0.4443780652   -2.0480693690    1.7330108578
   0.4443780652   -0.2444485353   -2.5916397082
  -0.5969429087   -0.2444485353   -2.5916397082
   0.1198904507   -0.9180814306    1.9571261886
   1.1612114246   -0.9180814306    1.9571261886
   1.1612114246    0.8855394032   -2.3675243774
   0.1198904507    0.8855394032   -2.3675243774
   0.6405509376   -0.0162710137   -2.6051990944
   0.0613367455    1.1939985554    2.6795505212
   0.5819972324    0.2921881385    2.4418758042
   0.5819972324    2.0958089722   -1.8827747618
  -0.4593237414    2.0958089722   -1.8827747618
   0.6719727296    2.2027932073    2.7892092990
   1.1579225174    3.0444829297    2.5673795631
   0.1860229418    3.0444829297    2.5673795631
  -0.2999268460    2.2027932073    2.5673795631
   1.1579225174    1.3611034849    2.5673795631
   1.2131549708    3.8683808816    1.9458264552
   0.1307904884    3.8683808816    1.9458264552
   1.9125344072    4.0000570777    1.0476561911
   0.9352053754    4.3707090890    1.0476561911
   1.9125344072    4.0000570777    0.0507624069
   0.9352053754    4.3707090890    0.0507624069
  -0.1024270833    4.2447176980    0.0507624069
   2.0888062312    3.2321830013   -0.8474078572
   1.2131549708    3.8683808816   -0.8474078572
   0.1307904884    3.8683808816   -0.8474078572
   1.1579225174    3.0444829297   -1.4689609651
   0.1860229418    3.0444829297   -1.4689609651
  -1.8362084071    0.1911162527    2.5791448415
  -0.7948874332    0.1911162527    2.5791448415
  -1.8362084071    1.9947370864   -1.7455057244
  -1.3155479201    1.0929266695   -1.9831804414
  -2.0809782426   -0.0466390177    2.5707890854
  -2.6016387295   -0.9484494346    2.3331143684
  -1.5603177556   -0.9484494346    2.3331143684
  -1.5603177556    0.8551713992   -1.9915361976
  -2.6016387295    0.8551713992   -1.9915361976
  -3.1222992165   -0.0466390177   -1.9915361976
  -3.2672716828   -0.0315295906    2.5723588590
  -4.2391712584   -0.0315295906    2.3505291231
  -3.7532214706   -0.8732193131    2.3505291231
  -2.7813218950   -0.8732193131    2.3505291231
  -4.6841051844    0.9978602034    1.7289760152
  -5.0185742035   -0.0315295906    1.7289760152
  -4.6841051844   -1.0609193846    1.7289760152
  -3.8084539240   -1.6971172650    1.7289760152
  -4.9018982897    1.4166232161    0.8308057511
  -5.3876518276    0.4910971763    0.8308057511
  -5.3876518276   -0.5541563575    0.8308057511
  -4.9018982897   -1.4796823974    0.8308057511
  -4.9018982897    1.4166232161   -0.1660880331
  -5.3876518276    0.4910971763   -0.1660880331
  -5.3876518276   -0.5541563575   -0.1660880331
  -4.9018982897   -1.4796823974   -0.1660880331
  -4.6841051844    0.9978602034   -1.0642582972
  -5.0185742035   -0.0315295906   -1.0642582972
  -4.6841051844   -1.0609193846   -1.0642582972
  -3.7532214706    0.8101601318   -1.6858114051
  -4.2391712584   -0.0315295906   -1.6858114051
  -0.9114972688   -2.0804001270    1.9066991684
  -1.9528182427   -0.2767792933   -2.4179513976
  -1.4321577557   -1.1785897101   -2.6556261146
  -1.4443260386   -4.0881022904    1.0024030671
  -0.6452845316   -3.3957288833    1.0024030671
  -2.7444694106   -4.6624354965    0.0400777841
  -3.6826671896   -4.2106232587   -1.0280226989
  -2.7444694106   -4.6624354965   -1.0280226989
  -1.1824879498   -2.3812728550   -2.6562977404
  -1.7031484368   -1.4794624381   -2.6562977404
  -1.0253665740    2.2591041345    3.0511629375
  -1.5460270609    3.1609145514    3.0511629375
  -2.3337264782    4.1164006912    2.3852131790
  -2.5873480348    4.5402667760    1.4228878961
  -3.5255458137    4.0884545382    1.4228878961
  -4.1747988214    3.2743170175    1.4228878961
  -2.5873480348    4.5402667760    0.3547874131
  -1.5460270609    3.1609145514   -1.2734876284
   2.6330260112    1.6776135868    2.9673673115
   3.1130260112    2.5089979745    2.7101360867
   2.1530260112    2.5089979745    2.7101360867
   1.6730260112    1.6776135868    2.7101360867
   3.1468498205    3.2590006656    2.0073673115
   2.1192022019    3.2590006656    2.0073673115
   3.5930260112    3.3403823621    1.0473673115
   2.6330260112    3.5976135868    1.0473673115
   3.1468498205    3.2590006656    0.0873673115
   5.6389225813   -0.0526774921    0.2943321990
   4.4899776153   -1.6340645709    0.2943321990
   5.3213620029   -1.0300284562    0.2943321990
   5.8961538060   -0.0526774921   -0.6656678010
   5.6389225813    0.9073225079   -0.6656678010
   4.9361538060   -1.7154462673   -0.6656678010
   5.6389225813   -1.0126774921   -0.6656678010
   5.6389225813   -0.0526774921   -1.6256678010
   5.3213620029    0.9246734720   -1.6256678010
   5.3213620029   -1.0300284562   -1.6256678010
   4.9361538060   -0.0526774921   -2.3284365762
   4.4561538060   -0.8840618797   -2.3284365762
   3.9761538060   -0.0526774921   -2.5856678010
   4.6259404426    2.2818291444   -1.1139906606
   3.9231716674    2.9845979197   -1.1139906606
   2.9631716674    3.2418291444   -1.1139906606
   2.0031716674    2.9845979197   -1.1139906606
   4.6259404426    1.3218291444   -2.0739906606
   4.3083798643    2.2991801085   -2.0739906606
   3.4769954766    2.9032162232   -2.0739906606
   2.4493478581    2.9032162232   -2.0739906606
   1.6179634704    2.2991801085   -2.0739906606
   3.9231716674    1.3218291444   -2.7767594358
   3.4431716674    2.1532135320   -2.7767594358
   2.4831716674    2.1532135320   -2.7767594358
   2.0031716674    1.3218291444   -2.7767594358
   2.4831716674    0.4904447568   -2.7767594358
   3.4431716674    0.4904447568   -2.7767594358
   2.9631716674    1.3218291444   -3.0339906606
   4.4669989040   -2.1824225604   -0.1196507538
   3.3180539380   -3.7638096392   -0.1196507538
   4.1494383256   -3.1597735245   -0.1196507538
   4.7242301287   -2.1824225604   -1.0796507538
   2.8042301287   -4.1024225604   -1.0796507538
   3.7642301287   -3.8451913357   -1.0796507538
   4.4669989040   -3.1424225604   -1.0796507538
   4.4669989040   -2.1824225604   -2.0396507538
   2.2904063195   -3.7638096392   -2.0396507538
   3.3180539380   -3.7638096392   -2.0396507538
   4.1494383256   -3.1597735245   -2.0396507538
   3.7642301287   -2.1824225604   -2.7424195291
   2.3242301287   -3.0138069481   -2.7424195291
   3.2842301287   -3.0138069481   -2.7424195291
   2.8042301287   -2.1824225604   -2.9996507538
  -4.6364540792   -2.1859337570   -0.2870006767
  -4.6364540792   -1.2259337570   -1.2470006767
  -4.8936853039   -2.1859337570   -1.2470006767
  -4.6364540792   -3.1459337570   -1.2470006767
  -3.4875091132   -0.6045466782   -2.2070006767
  -4.3188935008   -1.2085827930   -2.2070006767
  -4.6364540792   -2.1859337570   -2.2070006767
  -4.3188935008   -3.1632847211   -2.2070006767
  -3.4875091132   -3.7673208358   -2.2070006767
  -2.0136853039   -2.1859337570   -2.9097694519
  -2.4936853039   -1.3545493694   -2.9097694519
  -3.4536853039   -1.3545493694   -2.9097694519
  -3.9336853039   -2.1859337570   -2.9097694519
  -3.4536853039   -3.0173181447   -2.9097694519
  -2.4936853039   -3.0173181447   -2.9097694519
  -2.9736853039   -2.1859337570   -3.1670006767
  -2.7171657603   -2.6869679177    2.3377400198
  -1.7571657603   -2.6869679177    2.0805087951
  -2.2371657603   -1.8555835301    2.0805087951
  -3.1971657603   -1.8555835301    2.0805087951
  -3.6771657603   -2.6869679177    2.0805087951
  -3.1971657603   -3.5183523054    2.0805087951
  -2.2371657603   -3.5183523054    2.0805087951
  -4.3799345356   -2.6869679177    1.3777400198
  -4.0623739572   -3.6643188818    1.3777400198
  -3.2309895696   -4.2683549965    1.3777400198
  -2.2033419510   -4.2683549965    1.3777400198
  -1.3719575634   -3.6643188818    1.3777400198
  -4.6371657603   -2.6869679177    0.4177400198
  -4.3799345356   -3.6469679177    0.4177400198
  -3.6771657603   -4.3497366930    0.4177400198
  -2.7171657603   -4.6069679177    0.4177400198
  -2.0685562843   -4.7377673224    0.1305379717
  -1.0409086658   -4.7377673224    0.1305379717
  -2.5147324751   -4.8191490188   -0.8294620283
  -1.5547324751   -5.0763802436   -0.8294620283
  -0.5947324751   -4.8191490188   -0.8294620283
  -2.0685562843   -4.7377673224   -1.7894620283
  -1.0409086658   -4.7377673224   -1.7894620283
  -2.0347324751   -3.9877646312   -2.4922308036
  -1.0747324751   -3.9877646312   -2.4922308036
  -1.5547324751   -3.1563802436   -2.7494620283
  -4.1697269858    3.4981700169    1.1255612821
  -4.4872875642    2.5208190528    1.1255612821
  -2.8245187889    4.4408190528    0.1655612821
  -3.7845187889    4.1835878281    0.1655612821
  -4.4872875642    3.4808190528    0.1655612821
  -4.7445187889    2.5208190528    0.1655612821
  -2.3106949797    4.1022061316   -0.7944387179
  -3.3383425982    4.1022061316   -0.7944387179
  -4.1697269858    3.4981700169   -0.7944387179
  -4.4872875642    2.5208190528   -0.7944387179
  -1.8645187889    2.5208190528   -1.4972074931
  -2.3445187889    3.3522034405   -1.4972074931
  -3.3045187889    3.3522034405   -1.4972074931
  -3.7845187889    2.5208190528   -1.4972074931
  -3.3045187889    1.6894346652   -1.4972074931
  -2.8245187889    2.5208190528   -1.7544387179
  -2.5489231362    2.0311482540    3.7484003364
  -1.5889231362    2.0311482540    3.4911691116
  -2.0689231362    2.8625326416    3.4911691116
  -3.0289231362    2.8625326416    3.4911691116
  -3.5089231362    2.0311482540    3.4911691116
  -3.0289231362    1.1997638663    3.4911691116
  -2.0689231362    1.1997638663    3.4911691116
  -3.0627469454    3.6125353328    2.7884003364
  -3.8941313331    3.0084992180    2.7884003364
  -4.2116919114    2.0311482540    2.7884003364
  -3.8941313331    1.0537972899    2.7884003364
  -3.0627469454    0.4497611752    2.7884003364
  -2.0350993269    0.4497611752    2.7884003364
  -4.2116919114    2.9911482540    1.8284003364
  -4.4689231362    2.0311482540    1.8284003364
  -0.4117607830    3.0700479495    2.6771021702
  -0.8917607830    3.9014323371    2.6771021702
  -1.8517607830    3.9014323371    2.6771021702
  -0.0265525861    4.0473989136    1.9743333949
  -0.8579369737    4.6514350283    1.9743333949
  -1.8855845923    4.6514350283    1.9743333949
  -0.4117607830    4.7328167248    1.0143333949
  -1.3717607830    4.9900479495    1.0143333949
  -2.3317607830    4.7328167248    1.0143333949
  -0.8579369737    4.6514350283    0.0543333949
  -1.8855845923    4.6514350283    0.0543333949
  -0.8917607830    3.9014323371   -0.6484353804
   3.3016648494    1.0256508165    3.3936892074
   4.3950518720    1.0256508165    3.1441307545
   3.8483583607    1.9725517542    3.1441307545
   2.2082778268    1.0256508165    3.1441307545
   2.7549713381    0.0787498787    3.1441307545
   3.8483583607    0.0787498787    3.1441307545
   5.2718801852    1.0256508165    2.4448835081
   4.9591154611    2.0908296462    2.4448835081
   4.1201218787    2.8178217237    2.4448835081
   2.0114481885   -0.4633385850    2.4448835081
   3.0212739725   -0.9245105681    2.4448835081
   4.1201218787   -0.7665200907    2.4448835081
   4.9591154611   -0.0395280133    2.4448835081
   5.7584831881    1.0256508165    1.4344419609
   5.5151816867    2.0916243436    1.4344419609
   4.8334660286    2.9464687404    1.4344419609
   3.8483583607    3.4208715900    1.4344419609
   3.8483583607   -1.3695699571    1.4344419609
   4.8334660286   -0.8951671074    1.4344419609
   5.5151816867   -0.0403227107    1.4344419609
   5.7584831881    1.0256508165    0.3129364538
   5.5151816867    2.0916243436    0.3129364538
   4.8334660286    2.9464687404    0.3129364538
   3.8483583607    3.4208715900    0.3129364538
   5.6048914129    1.5643635812   -0.3887310127
   5.0196049843    2.4403066230   -0.3887310127
   5.3578607556    1.6134303402   -1.4219762800
   4.1436619425    0.5311183138   -2.8832057504
   3.6270393088   -0.3636983361   -2.8832057504
   2.4724448084   -1.2540101030    2.0297340318
   2.9890674421   -0.3591934531   -2.9592154437
   1.4391995411    0.5356231968   -2.9592154437
   2.4346133943   -2.5359867433    1.6784232220
   3.8271790698   -1.6411700935    1.0931367934
   2.7110962469   -3.3778288647    1.0931367934
   3.5241021706   -2.6733552216    1.0931367934
   2.4730636090   -4.0731031415    0.2171937516
   2.9512360280   -1.6411700935   -3.3105262535
   2.4346133943   -0.7463534436   -3.3105262535
   1.4013681269   -0.7463534436   -3.3105262535
   2.4346133943   -2.5359867433   -3.3105262535
   1.9179907606   -1.6411700935   -3.5160515158
   0.1994287924   -3.0583554557    1.6782600728
   1.2326740598   -3.0583554557    1.6782600728
   0.4443456007   -4.0532943309    1.0929736442
   1.5091569124   -3.9001975771    1.0929736442
   0.1609785777   -4.5954718539    0.2170306024
   1.2711242745   -4.5954718539    0.2170306024
   2.2713309861   -4.1137976881    0.2170306024
   0.7160514261   -4.8635388059   -0.8162146650
   1.7492966935   -4.6580135436   -0.8162146650
   0.1609785777   -4.5954718539   -1.8494599324
   1.2711242745   -4.5954718539   -1.8494599324
  -0.5342010313   -3.6064070579   -2.7254029742
   0.4443456007   -4.0532943309   -2.7254029742
   1.5091569124   -3.9001975771   -2.7254029742
   0.1994287924   -1.2687221560   -3.3106894028
  -0.3171938413   -2.1635388059   -3.3106894028
   0.1994287924   -3.0583554557   -3.3106894028
   1.2326740598   -3.0583554557   -3.3106894028
   0.7160514261   -2.1635388059   -3.5162146650
  -0.0762824217   -1.1462589521    2.2706855748
   0.4403402120   -2.0410756020    2.0651603126
   0.4403402120   -0.2514423022   -2.9237891630
  -0.5929050554   -0.2514423022   -2.9237891630
   0.1239283039   -0.9110876636    2.2892756434
   1.1571735713   -0.9110876636    2.2892756434
   0.1239283039    0.8785456362   -2.6996738322
   0.6405509376   -0.0162710137   -2.9051990944
   0.0613367455    1.1939985554    2.9795505212
   0.5779593792    0.2991819055    2.7740252590
   0.5779593792    2.0888152053   -2.2149242166
  -0.4552858882    2.0888152053   -2.2149242166
   0.6719727296    2.2027932073    3.0692092990
   1.2186662409    3.1496941450    2.8196508461
   0.1252792183    3.1496941450    2.8196508461
   1.2186662409    1.2558922696    2.8196508461
   1.4904297590    3.9949641145    2.1204035997
   0.3915818527    4.1529545918    2.1204035997
   2.2037739088    4.1236111312    1.1099620526
   1.2186662409    4.5980139808    1.1099620526
   2.2037739088    4.1236111312   -0.0115434546
   1.2186662409    4.5980139808   -0.0115434546
   0.1252792183    4.5980139808   -0.0115434546
   1.4904297590    3.9949641145   -1.0219850017
   0.3915818527    4.1529545918   -1.0219850017
  -0.6182439312    3.6917826087   -1.0219850017
   1.2186662409    3.1496941450   -1.7212322481
   0.1252792183    3.1496941450   -1.7212322481
  -1.8321705538    0.1981100196    2.9112942964
  -0.7989252864    0.1981100196    2.9112942964
  -0.5224424338   -0.6437321017    2.3260078678
  -1.8321705538    1.9877433194   -2.0776551792
  -1.3155479201    1.0929266695   -2.2831804414
  -2.0809782426   -0.0466390177    2.8707890854
  -2.5976008763   -0.9414556676    2.6652638232
  -1.5643556089   -0.9414556676    2.6652638232
  -1.5643556089    0.8481776322   -2.3236856524
  -2.5976008763    0.8481776322   -2.3236856524
  -3.1142235100   -0.0466390177   -2.3236856524
  -3.2672716828   -0.0315295906    2.8523588590
  -4.3606587054   -0.0315295906    2.6028004061
  -3.8139651941   -0.9784305284    2.6028004061
  -5.1576794540    0.5235442135    1.9035531597
  -5.1576794540   -0.5866033947    1.9035531597
  -4.5574883436   -1.5205189921    1.9035531597
  -4.7990728620    1.8892883333    0.8931116126
  -5.4807885201    1.0344439365    0.8931116126
  -5.7240900215   -0.0315295906    0.8931116126
  -5.4807885201   -1.0975031178    0.8931116126
  -4.7990728620   -1.9523475145    0.8931116126
  -5.4807885201    1.0344439365   -0.2283938946
  -5.7240900215   -0.0315295906   -0.2283938946
  -5.4807885201   -1.0975031178   -0.2283938946
  -4.5574883436    1.4574598108   -1.2388354417
  -5.1576794540    0.5235442135   -1.2388354417
  -5.1576794540   -0.5866033947   -1.2388354417
  -3.8139651941    0.9153713471   -1.9380826881
  -4.3606587054   -0.0315295906   -1.9380826881
  -0.9155351220   -2.0734063600    2.2388486232
  -0.6390522694   -2.9152484813    1.6535621946
  -1.9487803894   -0.2837730602   -2.7501008524
  -1.4321577557   -1.1785897101   -2.9556261146
  -1.4307034374   -4.1179316262    1.4152158518
  -0.6176975137   -3.4134579832    1.4152158518
  -4.7182836615   -3.4145181224   -0.4939724574
  -4.1329972329   -4.2904611642   -0.4939724574
  -3.2570541911   -4.8757475928   -0.4939724574
  -3.7790884837   -4.3315317372   -1.5272177248
  -2.7788817721   -4.8132059031   -1.5272177248
  -1.1905636563   -2.3812728550   -2.9884471952
  -1.7071862900   -1.4864562051   -2.9884471952
  -1.7071862900   -3.2760895049   -2.9884471952
  -1.0334422805    2.2591041345    3.3833123924
  -1.5500649141    3.1539207844    3.3833123924
  -2.3383933733    4.1488596596    2.7980259638
  -2.6217603962    4.6910371826    1.9220829220
  -3.6219671078    4.2093630167    1.9220829220
  -4.3141316283    3.3414161609    1.9220829220
  -3.0999328152    4.7535788723    0.8888376546
  -2.6217603962    4.6910371826   -0.1444076128
  -1.2735820615    3.9957629057   -1.0203506546
  -1.5500649141    3.1539207844   -1.6056370832
   3.1730260112    2.6129210229    2.9179821836
   2.0930260112    2.6129210229    2.9179821836
   1.5530260112    1.6776135868    2.9179821836
   3.4101075127    3.3791847255    2.1273673115
   2.3668097582    3.5291882968    2.1273673115
   2.8933852406    3.8218647549    1.0473673115
   3.4101075127    3.3791847255   -0.0326326885
   5.8467686782   -0.0526774921    0.4143321990
   4.7532353074   -1.7542486308    0.4143321990
   5.5498151758   -1.0640082457    0.4143321990
   6.1361538060   -0.0526774921   -0.6656678010
   5.8887388214    0.9511245595   -0.6656678010
   5.2031736589   -1.8303226424   -0.6656678010
   5.8887388214   -1.0564795437   -0.6656678010
   5.8467686782   -0.0526774921   -1.7456678010
   5.5498151758    0.9586532616   -1.7456678010
   5.5498151758   -1.0640082457   -1.7456678010
   5.0561538060   -0.0526774921   -2.5362826731
   4.5161538060   -0.9879849282   -2.5362826731
   4.1901915203    3.0994742947   -1.1139906606
   3.2235308967    3.4660803125   -1.1139906606
   2.1972251113    3.3414642286   -1.1139906606
   4.5368330371    2.3331598981   -2.1939906606
   3.7402531688    3.0234002831   -2.1939906606
   2.6969554143    3.1734038544   -2.1939906606
   1.7381794392    2.7355455378   -2.1939906606
   1.1683298412    1.8488422552   -2.1939906606
   4.0431716674    1.3218291444   -2.9846055327
   3.5031716674    2.2571365805   -2.9846055327
   2.4231716674    2.2571365805   -2.9846055327
   1.8831716674    1.3218291444   -2.9846055327
   2.9631716674    1.3218291444   -3.2739906606
   4.6748450009   -2.1824225604    0.0003492462
   3.5813116302   -3.8839936992    0.0003492462
   4.3778914985   -3.1937533141    0.0003492462
   4.9642301287   -2.1824225604   -1.0796507538
   3.0645893581   -4.3266737285   -1.0796507538
   4.0312499817   -3.9600677108   -1.0796507538
   4.7168151441   -3.1862246120   -1.0796507538
   4.6748450009   -2.1824225604   -2.1596507538
   2.5380138757   -4.0339972704   -2.1596507538
   3.5813116302   -3.8839936992   -2.1596507538
   4.3778914985   -3.1937533141   -2.1596507538
   3.8842301287   -2.1824225604   -2.9502656260
   3.3442301287   -3.1177299965   -2.9502656260
  -5.0709196295   -1.6690119222   -1.2470006767
  -5.0709196295   -2.7028555919   -1.2470006767
  -4.5904685200   -3.6182786988   -1.2470006767
  -3.2399015569   -0.3343590471   -2.3270006767
  -4.1986775320   -0.7722173636   -2.3270006767
  -4.7685271301   -1.6589206462   -2.3270006767
  -4.7685271301   -2.7129468678   -2.3270006767
  -4.1986775320   -3.5996501505   -2.3270006767
  -2.4336853039   -1.2506263210   -3.1176155488
  -3.5136853039   -1.2506263210   -3.1176155488
  -4.0536853039   -2.1859337570   -3.1176155488
  -3.5136853039   -3.1212411931   -3.1176155488
  -2.4336853039   -3.1212411931   -3.1176155488
  -2.9736853039   -2.1859337570   -3.4070006767
  -2.7171657603   -2.6869679177    2.5777400198
  -1.6371657603   -2.6869679177    2.2883548920
  -2.1771657603   -1.7516604817    2.2883548920
  -3.2571657603   -1.7516604817    2.2883548920
  -3.7971657603   -2.6869679177    2.2883548920
  -3.2571657603   -3.6222753538    2.2883548920
  -2.1771657603   -3.6222753538    2.2883548920
  -4.5120075865   -2.1599548069    1.4977400198
  -4.5120075865   -3.2139810285    1.4977400198
  -3.9421579884   -4.1006843112    1.4977400198
  -2.9833820133   -4.5385426277    1.4977400198
  -1.9400842589   -4.3885390565    1.4977400198
  -4.8144000860   -2.1700460829    0.4177400198
  -4.8144000860   -3.2038897526    0.4177400198
  -4.3339489764   -4.1193128595    0.4177400198
  -3.4831123163   -4.7066030019    0.4177400198
  -1.8209487281   -5.0079549536    0.2505379717
  -0.7776509736   -4.8579513823    0.2505379717
  -2.3206790311   -5.1760153278   -0.8294620283
  -1.2943732457   -5.3006314116   -0.8294620283
  -0.3277126221   -4.9340253939   -0.8294620283
  -1.8209487281   -5.0079549536   -1.9094620283
  -0.7776509736   -4.8579513823   -1.9094620283
  -2.0947324751   -4.0916876797   -2.7000769005
  -1.0147324751   -4.0916876797   -2.7000769005
  -3.5904653450    4.5404541370    0.1655612821
  -4.4413020050    3.9531639946    0.1655612821
  -4.9217531146    3.0377408877    0.1655612821
  -4.9217531146    2.0038972180    0.1655612821
  -3.0907350419    4.3723937628   -0.9144387179
  -4.0495110171    3.9345354463   -0.9144387179
  -4.6193606151    3.0478321636   -0.9144387179
  -4.6193606151    1.9938059420   -0.9144387179
  -2.2845187889    3.4561264889   -1.7050535900
  -3.3645187889    3.4561264889   -1.7050535900
  -3.9045187889    2.5208190528   -1.7050535900
  -3.3645187889    1.5855116167   -1.7050535900
  -2.8245187889    2.5208190528   -1.9944387179
  -2.5489231362    2.0311482540    3.9884003364
  -1.4689231362    2.0311482540    3.6990152086
  -2.0089231362    2.9664556901    3.6990152086
  -3.0889231362    2.9664556901    3.6990152086
  -3.6289231362    2.0311482540    3.6990152086
  -3.0889231362    1.0958408179    3.6990152086
  -2.0089231362    1.0958408179    3.6990152086
  -3.7739153643    3.4448646474    2.9084003364
  -4.3437649623    2.5581613648    2.9084003364
  -4.3437649623    1.5041351432    2.9084003364
  -3.7739153643    0.6174318605    2.9084003364
  -2.8151393892    0.1795735440    2.9084003364
  -4.6461574618    2.5480700888    1.8284003364
  -4.6461574618    1.5142264191    1.8284003364
  -0.2917607830    3.0700479495    2.8849482671
  -0.8317607830    4.0053553856    2.8849482671
  -0.5946792816    4.7716190882    2.0943333949
  -1.6379770360    4.9216226595    2.0943333949
  -0.1447409301    4.8476930998    1.0143333949
  -1.1114015537    5.2142991176    1.0143333949
  -2.1377073390    5.0896830337    1.0143333949
  -0.5946792816    4.7716190882   -0.0656666051
  -1.6379770360    4.9216226595   -0.0656666051
  -0.8317607830    4.0053553856   -0.8562814773
   3.3016648494    1.0256508165    3.6736892074
   4.3731784600    1.0256508165    3.4605518984
   3.8374216547    1.9536088238    3.4605518984
   2.7659080441    1.9536088238    3.4605518984
   2.2301512388    1.0256508165    3.4605518984
   2.7659080441    0.0976928092    3.4605518984
   3.8374216547    0.0976928092    3.4605518984
   5.2815638367    1.0256508165    2.8535881947
   5.0163076693    2.0156003101    2.8535881947
   4.2916143431    2.7402936364    2.8535881947
   1.5870220294    0.0357013228    2.8535881947
   2.3117153557   -0.6889920035    2.8535881947
   3.3016648494   -0.9542481709    2.8535881947
   4.2916143431   -0.6889920035    2.8535881947
   5.0163076693    0.0357013228    2.8535881947
   5.8885275404    1.0256508165    1.9452028180
   5.6648815103    2.0778226635    1.9452028180
   5.0326138504    2.9480644395    1.9452028180
   4.1010493830    3.4859034355    1.9452028180
   4.1010493830   -1.4346018026    1.9452028180
   5.0326138504   -0.8967628066    1.9452028180
   5.6648815103   -0.0265210306    1.9452028180
   6.1016648494    1.0256508165    0.8736892074
   5.9125870917    2.0371274818    0.8736892074
   5.3708898176    2.9119986187    0.8736892074
   4.5497322456    3.5321080323    0.8736892074
   5.9125870917    0.0141741511    0.8736892074
   5.0326138504    2.9480644395   -0.1978244033
   4.1010493830    3.4859034355   -0.1978244033
   5.8653343180    1.5983790945   -0.9096755457
   5.2937618087    2.5215003929   -0.9096755457
   5.4838773966    1.5878511105   -1.8887310127
   4.1364771051    0.5311183138   -3.2078088750
   3.6234468901   -0.3574760844   -3.2078088750
   3.1104166751    0.5311183138   -3.3887310127
   2.4688523897   -1.2477878513    2.3543371564
   1.4427919598    0.5294009451   -3.2838185683
   2.4310209756   -2.5297644916    2.0030263466
   2.7190616303   -3.3952706214    1.4820818136
   3.5402328031   -2.6837217497    1.4820818136
   2.7208404626   -4.1120874041    0.6839484842
   3.6564430713   -3.5719169861    0.6839484842
   2.9440511906   -1.6411700935   -3.6351293781
   2.4310209756   -0.7525756953   -3.6351293781
   1.4049605456   -0.7525756953   -3.6351293781
   2.4310209756   -2.5297644916   -3.6351293781
   1.9179907606   -1.6411700935   -3.8160515158
   0.2030212111   -3.0521332040    2.0028631974
   1.2290816411   -3.0521332040    2.0028631974
   0.4416167820   -4.0722736818    1.4819186644
   1.5171222958   -3.9176393338    1.4819186644
   0.4444785123   -4.7473824839    0.6837853350
   1.5189011281   -4.6344561165    0.6837853350
  -0.0924648769   -5.0051788572   -0.2952701320
   0.9886512134   -5.1053590161   -0.2952701320
   2.0329511919   -4.8082300545   -0.2952701320
  -0.0924648769   -5.0051788572   -1.3371591980
   0.9886512134   -5.1053590161   -1.3371591980
   2.0329511919   -4.8082300545   -1.3371591980
   0.4444785123   -4.7473824839   -2.3162146650
   1.5189011281   -4.6344561165   -2.3162146650
  -0.5467576714   -3.6208981931   -3.1143479944
   0.4416167820   -4.0722736818   -3.1143479944
   1.5171222958   -3.9176393338   -3.1143479944
   0.2030212111   -1.2749444077   -3.6352925274
  -0.3100090039   -2.1635388059   -3.6352925274
   0.2030212111   -3.0521332040   -3.6352925274
   1.2290816411   -3.0521332040   -3.6352925274
   0.7160514261   -2.1635388059   -3.8162146650
  -0.0762824217   -1.1462589521    2.5706855748
   0.4367477933   -2.0348533503    2.3897634372
  -0.3507170659   -3.0549938281    1.8688189042
   0.4367477933   -0.2576645539   -3.2483922876
  -0.5893126367   -0.2576645539   -3.2483922876
  -1.1023428517   -1.1462589521   -3.2483922876
   0.1275207226   -0.9048654119    2.6138787679
   1.1535811526   -0.9048654119    2.6138787679
   0.1275207226    0.8723233845   -3.0242769568
   0.6405509376   -0.0162710137   -3.2051990944
   0.0613367455    1.1939985554    3.2795505212
   0.5743669605    0.3054041572    3.0986283835
  -0.2130978987    3.1027334313   -2.0185828082
   0.5743669605    2.0825929535   -2.5395273412
  -0.4516934695    2.0825929535   -2.5395273412
   0.6719727296    2.2027932073    3.3492092990
   1.2077295349    3.1307512146    3.1360719900
   0.1362159243    3.1307512146    3.1360719900
   1.2077295349    1.2748352000    3.1360719900
   1.6619222233    3.9174360272    2.5291082863
   0.6719727296    4.1826921946    2.5291082863
   2.4029217306    4.1252068303    1.6207229096
   1.4713572633    4.6630458264    1.6207229096
   0.4015719478    4.7754847938    1.6207229096
   2.7411976978    4.0891410095    0.5492092990
   1.9200401258    4.7092504231    0.5492092990
   0.9303241361    4.9908489009    0.5492092990
   2.4029217306    4.1252068303   -0.5223043116
   1.4713572633    4.6630458264   -0.5223043116
   0.4015719478    4.7754847938   -0.5223043116
   1.6619222233    3.9174360272   -1.4306896883
   0.6719727296    4.1826921946   -1.4306896883
  -0.3179767641    3.9174360272   -1.4306896883
   1.2077295349    3.1307512146   -2.0376533920
   0.1362159243    3.1307512146   -2.0376533920
  -1.8285781351    0.2043322713    3.2358974209
  -0.8025177051    0.2043322713    3.2358974209
  -0.5144770504   -0.6611738584    2.7149528879
  -1.8285781351    1.9815210677   -2.4022583038
  -1.3155479201    1.0929266695   -2.5831804414
  -2.0809782426   -0.0466390177    3.1707890854
  -2.5940084576   -0.9352334159    2.9898669477
  -1.5679480276   -0.9352334159    2.9898669477
  -3.3437873401    1.4107203695   -2.1273442440
  -1.5679480276    0.8419553805   -2.6482887770
  -2.5940084576    0.8419553805   -2.6482887770
  -3.1070386726   -0.0466390177   -2.6482887770
  -3.2672716828   -0.0315295906    3.1323588590
  -4.3387852934   -0.0315295906    2.9192215500
  -3.8030284881   -0.9594875979    2.9192215500
  -4.9819145027    0.9584199030    2.3122578463
  -5.2471706701   -0.0315295906    2.3122578463
  -4.9819145027   -1.0214790843    2.3122578463
  -4.2572211765   -1.7461724106    2.3122578463
  -5.3600875620    1.4889901489    1.4038724696
  -5.7976052175    0.5063094054    1.4038724696
  -5.7976052175   -0.5693685866    1.4038724696
  -5.3600875620   -1.5520493301    1.4038724696
  -5.6478796628    1.4424804654    0.3323588590
  -6.0195963619    0.4829690593    0.3323588590
  -6.0195963619   -0.5460282405    0.3323588590
  -5.6478796628   -1.5055396467    0.3323588590
  -5.3600875620    1.4889901489   -0.7391547516
  -5.7976052175    0.5063094054   -0.7391547516
  -5.7976052175   -0.5693685866   -0.7391547516
  -5.3600875620   -1.5520493301   -0.7391547516
  -4.2572211765    1.6831132293   -1.6475401283
  -4.9819145027    0.9584199030   -1.6475401283
  -5.2471706701   -0.0315295906   -1.6475401283
  -3.8030284881    0.8964284167   -2.2545038320
  -4.3387852934   -0.0315295906   -2.2545038320
  -0.4060973257   -1.1785897101    2.5634517478
  -0.9191275407   -2.0671841083    2.5634517478
  -0.6310868860   -2.9326902381    2.0425072148
  -1.9451879707   -0.2899953120   -3.0747039770
  -1.4321577557   -1.1785897101   -3.2556261146
  -0.6015668812   -3.4238245112    1.8041608719
  -1.4209592217   -4.8521901656    1.0060275426
  -0.4853566130   -4.3120197476    1.0060275426
  -5.1279275124   -2.9241467043    0.0269720756
  -4.7357102047   -3.9365762813    0.0269720756
  -4.0042467101   -4.7389535124    0.0269720756
  -3.0323252267   -5.2229129063    0.0269720756
  -4.7357102047   -3.9365762813   -1.0149169904
  -4.0042467101   -4.7389535124   -1.0149169904
  -3.0323252267   -5.2229129063   -1.0149169904
  -3.5228470294   -4.6312728550   -1.9939724574
  -2.4982435679   -4.2900077309   -2.7921057868
  -1.1977484937   -2.3812728550   -3.3130503198
  -1.7107787087   -1.4926784568   -3.3130503198
  -1.7107787087   -3.2698672532   -3.3130503198
  -1.0406271179    2.2591041345    3.7079155169
  -1.5536573329    3.1476985327    3.7079155169
  -2.3411221920    4.1678390104    3.1869709839
  -2.3382604617    4.8429478125    2.3888376546
  -3.3657256535    4.5091041345    2.3888376546
  -4.1685753555    3.7862150159    2.3888376546
  -2.8752038508    5.1007441858    1.4097821876
  -3.8471253343    4.6167847919    1.4097821876
  -4.5785888289    3.8144075608    1.4097821876
  -4.9708061366    2.8019779838    1.4097821876
  -2.8752038508    5.1007441858    0.3678931216
  -2.3382604617    4.8429478125   -0.6111623454
  -1.2656166781    4.0132046625   -1.4092956748
  -1.5536573329    3.1476985327   -1.9302402078
   3.1536864981    2.5794240037    3.2096925944
   2.1123655243    2.5794240037    3.2096925944
   1.5917050373    1.6776135868    3.2096925944
   3.4125088963    3.3844430223    2.5437428359
   2.3659870808    3.5349101435    2.5437428359
   3.1536864981    3.9587762283    1.5814175530
   3.1536864981    3.9587762283    0.5133170700
   4.7556366911   -1.7595069275    0.8307077235
   5.5546781981   -1.0671335204    0.8307077235
   6.3159807952   -0.0526774921   -0.1316175595
   6.0842650796    0.9625353909   -0.1316175595
   5.4350120719   -1.8820278958   -0.1316175595
   6.0842650796   -1.0678903751   -0.1316175595
   6.3159807952   -0.0526774921   -1.1997180425
   6.0842650796    0.9625353909   -1.1997180425
   5.4350120719   -1.8820278958   -1.1997180425
   6.0842650796   -1.0678903751   -1.1997180425
   5.8525493639   -0.0526774921   -2.1620433254
   5.5546781981    0.9617785362   -2.1620433254
   5.5546781981   -1.0671335204   -2.1620433254
   5.0174747799   -0.0526774921   -2.8279930839
   4.4968142929   -0.9544879090   -2.8279930839
   3.4838321543    3.6029917859   -0.5799404191
   4.4220299333    3.1511795481   -1.6480409021
   3.4838321543    3.6029917859   -1.6480409021
   2.4425111804    3.6029917859   -1.6480409021
   4.5416960594    2.3362851727   -2.6103661850
   3.7426545524    3.0286585798   -2.6103661850
   2.6961327370    3.1791257011   -2.6103661850
   1.7343938951    2.7399142886   -2.6103661850
   1.1627833138    1.8504708626   -2.6103661850
   4.0044926412    1.3218291444   -3.2763159435
   3.4838321543    2.2236395613   -3.2763159435
   2.4425111804    2.2236395613   -3.2763159435
   1.9218506935    1.3218291444   -3.2763159435
   2.9631716674    1.3218291444   -3.5139906606
   4.6806256867   -2.1824225604    0.4167247706
   3.5837130138   -3.8892519959    0.4167247706
   4.3827545208   -3.1968785887    0.4167247706
   5.1440571180   -2.1824225604   -0.5456005123
   3.3248906157   -4.4635852019   -0.5456005123
   4.2630883946   -4.0117729641   -0.5456005123
   4.9123414023   -3.1976354434   -0.5456005123
   5.1440571180   -2.1824225604   -1.6137009953
   3.3248906157   -4.4635852019   -1.6137009953
   4.2630883946   -4.0117729641   -1.6137009953
   4.9123414023   -3.1976354434   -1.6137009953
   4.6806256867   -2.1824225604   -2.5760262783
   2.5371911984   -4.0397191171   -2.5760262783
   3.5837130138   -3.8892519959   -2.5760262783
   4.3827545208   -3.1968785887   -2.5760262783
   3.8455511026   -2.1824225604   -3.2419760368
   3.3248906157   -3.0842329773   -3.2419760368
  -5.3135122931   -2.1859337570   -0.7129504352
  -5.0817965775   -1.1707208741   -1.7810509182
  -5.3135122931   -2.1859337570   -1.7810509182
  -5.0817965775   -3.2011466400   -1.7810509182
  -4.4325435698   -4.0152841608   -1.7810509182
  -3.2407242343   -0.3286372004   -2.7433762011
  -4.2024630761   -0.7678486128   -2.7433762011
  -4.7740736575   -1.6572920389   -2.7433762011
  -4.7740736575   -2.7145754752   -2.7433762011
  -4.2024630761   -3.6040189013   -2.7433762011
  -2.4530248170   -1.2841233402   -3.4093259596
  -3.4943457908   -1.2841233402   -3.4093259596
  -4.0150062778   -2.1859337570   -3.4093259596
  -3.4943457908   -3.0877441739   -3.4093259596
  -2.4530248170   -3.0877441739   -3.4093259596
  -2.9736853039   -2.1859337570   -3.6470006767
  -2.7171657603   -2.6869679177    2.8177400198
  -1.6758447864   -2.6869679177    2.5800653028
  -3.2378262473   -1.7851575009    2.5800653028
  -3.7584867342   -2.6869679177    2.5800653028
  -3.2378262473   -3.5887783346    2.5800653028
  -2.1965052734   -3.5887783346    2.5800653028
  -4.5175541139   -2.1583261996    1.9141155443
  -4.5175541139   -3.2156096359    1.9141155443
  -3.9459435326   -4.1050530620    1.9141155443
  -2.9842046907   -4.5442644744    1.9141155443
  -1.9376828752   -4.3937973532    1.9141155443
  -5.0569927496   -2.6869679177    0.9517902613
  -4.8252770339   -3.7021808007    0.9517902613
  -4.1760240262   -4.5163183215    0.9517902613
  -3.2378262473   -4.9681305592    0.9517902613
  -0.7752495900   -4.8632096790    0.6669134961
  -2.0753929620   -5.4375428851   -0.2954117868
  -1.0340719881   -5.4375428851   -0.2954117868
  -2.0753929620   -5.4375428851   -1.3635122698
  -1.0340719881   -5.4375428851   -1.3635122698
  -1.8217714054   -5.0136768003   -2.3258375528
  -0.7752495900   -4.8632096790   -2.3258375528
  -2.0753929620   -4.0581906604   -2.9917873113
  -1.0340719881   -4.0581906604   -2.9917873113
  -4.2833770548    4.3501694565    0.6996115236
  -4.9326300625    3.5360319358    0.6996115236
  -5.1643457782    2.5208190528    0.6996115236
  -3.3451792759    4.8019816943   -0.3684889594
  -4.2833770548    4.3501694565   -0.3684889594
  -4.9326300625    3.5360319358   -0.3684889594
  -5.1643457782    2.5208190528   -0.3684889594
  -3.0915577193    4.3781156095   -1.3308142423
  -4.0532965612    3.9389041971   -1.3308142423
  -4.6249071425    3.0494607710   -1.3308142423
  -4.6249071425    1.9921773347   -1.3308142423
  -2.3038583020    3.4226294697   -1.9967640008
  -3.3451792759    3.4226294697   -1.9967640008
  -3.8658397628    2.5208190528   -1.9967640008
  -3.3451792759    1.6190086360   -1.9967640008
  -2.8245187889    2.5208190528   -2.2344387179
  -2.5489231362    2.0311482540    4.2284003364
  -1.5076021623    2.0311482540    3.9907256193
  -2.0282626492    2.9329586708    3.9907256193
  -3.0695836231    2.9329586708    3.9907256193
  -3.5902441100    2.0311482540    3.9907256193
  -3.0695836231    1.1293378371    3.9907256193
  -2.0282626492    1.1293378371    3.9907256193
  -2.8159620665    3.8884448107    3.3247758608
  -3.7777009084    3.4492333982    3.3247758608
  -4.3493114897    2.5597899722    3.3247758608
  -4.3493114897    1.5025065358    3.3247758608
  -3.7777009084    0.6130631098    3.3247758608
  -2.8159620665    0.1738516973    3.3247758608
  -1.7694402511    0.3243188185    3.3247758608
  -4.6570344097    3.0463611369    2.3624505779
  -4.8887501254    2.0311482540    2.3624505779
  -0.8511002961    3.9718583664    3.1766586779
  -0.5922778979    4.7768773849    2.5107089194
  -1.6387997134    4.9273445062    2.5107089194
   0.0870974829    4.8993983532    1.5483836364
  -0.8511002961    5.3512105910    1.5483836364
  -1.8924212700    5.3512105910    1.5483836364
  -0.8511002961    5.3512105910    0.4802831534
  -1.8924212700    5.3512105910    0.4802831534
  -0.5922778979    4.7768773849   -0.4820421295
  -1.6387997134    4.9273445062   -0.4820421295
