#! FIELDS phi psi file.free der_phi der_psi
#! SET min_phi -pi
#! SET max_phi pi
#! SET nbins_phi  33
#! SET periodic_phi true
#! SET min_psi -pi
#! SET max_psi pi
#! SET nbins_psi  18
#! SET periodic_psi true
   -3.141592654   -3.141592654 -109.646737138  -53.469019068   17.763571857
   -2.951193099   -3.141592654 -118.131578680  -35.019461367   20.186452885
   -2.760793544   -3.141592654 -122.830738073  -14.603228326   21.577961719
   -2.570393989   -3.141592654 -123.908661179    2.201872797   22.143923689
   -2.379994435   -3.141592654 -122.442870832   11.823881759   22.393185875
   -2.189594880   -3.141592654 -119.888031978   13.865120897   22.970945740
   -1.999195325   -3.141592654 -117.456867751   11.240753187   24.405216212
   -1.808795770   -3.141592654 -115.605952464    8.555626341   26.865980192
   -1.618396215   -3.141592654 -113.930611328    9.914715900   30.038074994
   -1.427996661   -3.141592654 -111.450650655   17.030635868   33.190281271
   -1.237597106   -3.141592654 -107.144763357   28.646937762   35.419863889
   -1.047197551   -3.141592654 -100.461210011   41.290344523   35.968360606
   -0.856797996   -3.141592654  -91.601074996   50.773599602   34.438226288
   -0.666398442   -3.141592654  -81.520669159   53.624223723   30.842574443
   -0.475998887   -3.141592654  -71.693582319   47.949027556   25.519653785
   -0.285599332   -3.141592654  -63.781896752   33.682834235   18.986360745
   -0.095199777   -3.141592654  -59.274039601   12.694123613   11.825406431
    0.095199777   -3.141592654  -59.121735562  -11.296769541    4.608035074
    0.285599332   -3.141592654  -63.410681736  -32.962815680   -2.116490045
    0.475998887   -3.141592654  -71.132952753  -46.411847479   -7.819907205
    0.666398442   -3.141592654  -80.243058833  -47.047481806  -12.020123776
    0.856797996   -3.141592654  -88.124924106  -33.674673763  -14.366397660
    1.047197551   -3.141592654  -92.377848828   -9.887527872  -14.783738729
    1.237597106   -3.141592654  -91.688340447   16.779167377  -13.553495720
    1.427996661   -3.141592654  -86.349800722   37.602431176  -11.231854320
    1.618396215   -3.141592654  -78.162136337   45.943646303   -8.437656623
    1.808795770   -3.141592654  -69.795597501   39.501891935   -5.597462642
    1.999195325   -3.141592654  -63.914598292   20.555537501   -2.823661638
    2.189594880   -3.141592654  -62.421121941   -5.516410385    0.028025794
    2.379994435   -3.141592654  -66.050826554  -32.180119108    3.182610519
    2.570393989   -3.141592654  -74.325634915  -53.413743202    6.752531100
    2.760793544   -3.141592654  -85.762707358  -64.863334566   10.621720357
    2.951193099   -3.141592654  -98.268282612  -64.599472659   14.445113707

   -3.141592654   -2.792526803 -101.712318916  -48.851307750   25.677497530
   -2.951193099   -2.792526803 -109.533962980  -32.706099743   27.920517491
   -2.760793544   -2.792526803 -114.001452338  -14.395388529   28.911038413
   -2.570393989   -2.792526803 -115.176642823    1.160238331   28.971549718
   -2.379994435   -2.792526803 -113.928880555   10.803277035   28.709377591
   -2.189594880   -2.792526803 -111.462297807   14.149029381   28.804335596
   -1.999195325   -2.792526803 -108.781769024   13.652658005   29.744916008
   -1.808795770   -2.792526803 -106.262812343   13.079556280   31.597647056
   -1.618396215   -2.792526803 -103.596589349   15.568926887   33.921552321
   -1.427996661   -2.792526803 -100.065537824   22.099625528   35.886956390
   -1.237597106   -2.792526803  -95.004635738   31.218865639   36.555892967
   -1.047197551   -2.792526803  -88.196088478   39.854962483   35.221543423
   -0.856797996   -2.792526803  -80.053255865   44.660764680   31.622738651
   -0.666398442   -2.792526803  -71.566615315   43.138320349   25.988964598
   -0.475998887   -2.792526803  -64.068776523   34.218764061   18.921283201
   -0.285599332   -2.792526803  -58.953374560   18.348133595   11.201677909
   -0.095199777   -2.792526803  -57.377100553   -2.466591352    3.616070804
    0.095199777   -2.792526803  -59.964518600  -24.664303671   -3.176271273
    0.285599332   -2.792526803  -66.524865944  -43.276426598   -8.684448995
    0.475998887   -2.792526803  -75.853023281  -52.873383401  -12.580619280
    0.666398442   -2.792526803  -85.801358398  -49.380674434  -14.689026907
    0.856797996   -2.792526803  -93.756599589  -32.199564242  -14.998083646
    1.047197551   -2.792526803  -97.434498053   -5.497877505  -13.722214319
    1.237597106   -2.792526803  -95.732674704   22.818277727  -11.296343812
    1.427996661   -2.792526803  -89.190416617   44.038865350   -8.260368728
    1.618396215   -2.792526803  -79.808892756   51.979865857   -5.066994927
    1.808795770   -2.792526803  -70.347311490   45.010687604   -1.906926326
    1.999195325   -2.792526803  -63.437494734   25.954246062    1.311670286
    2.189594880   -2.792526803  -60.877919820    0.368905910    4.829554998
    2.379994435   -2.792526803  -63.308191766  -25.455783322    8.833519982
    2.570393989   -2.792526803  -70.229116241  -46.001342448   13.295130616
    2.760793544   -2.792526803  -80.238398438  -57.436011004   17.921006469
    2.951193099   -2.792526803  -91.403438348  -58.128095638   22.222325720

   -3.141592654   -2.443460953  -93.056613171  -44.300379037   23.361816648
   -2.951193099   -2.443460953 -100.208701731  -30.230129718   25.084638468
   -2.760793544   -2.443460953 -104.385205044  -13.728298148   25.761887168
   -2.570393989   -2.443460953 -105.547774469    0.788543637   25.674057184
   -2.379994435   -2.443460953 -104.388328904   10.424338372   25.291662919
   -2.189594880   -2.443460953 -101.917917605   14.692091823   25.100018239
   -1.999195325   -2.443460953  -99.008356544   15.522853077   25.400902624
   -1.808795770   -2.443460953  -96.031986234   15.880093139   26.149618597
   -1.618396215   -2.443460953  -92.833706712   18.117856296   26.922349314
   -1.427996661   -2.443460953  -88.968317160   22.794745561   27.048756834
   -1.237597106   -2.443460953  -84.071306049   28.619144588   25.855118103
   -1.047197551   -2.443460953  -78.140142683   33.203022944   22.929664606
   -0.856797996   -2.443460953  -71.644088496   34.142557096   18.257787917
   -0.666398442   -2.443460953  -65.450739672   29.816726504   12.225059158
   -0.475998887   -2.443460953  -60.631022153   19.715599780    5.485140627
   -0.285599332   -2.443460953  -58.250185336    4.422893868   -1.207670018
   -0.095199777   -2.443460953  -59.148838634  -14.318958035   -7.169763461
    0.095199777   -2.443460953  -63.713601293  -33.461448669  -11.916038840
    0.285599332   -2.443460953  -71.622256832  -48.612725696  -15.200773518
    0.475998887   -2.443460953  -81.640120196  -54.821859729  -16.985146224
    0.666398442   -2.443460953  -91.667142836  -48.326935274  -17.365877507
    0.856797996   -2.443460953  -99.184951977  -28.759384705  -16.503906180
    1.047197551   -2.443460953 -102.042522122   -0.446435892  -14.629654117
    1.237597106   -2.443460953  -99.293255365   28.649610391  -12.033496256
    1.427996661   -2.443460953  -91.624502967   49.958254522   -9.022381224
    1.618396215   -2.443460953  -81.136755218   57.670233964   -5.836017478
    1.808795770   -2.443460953  -70.606405708   50.600122342   -2.557715495
    1.999195325   -2.443460953  -62.609599746   31.854157319    0.875964568
    2.189594880   -2.443460953  -58.863410210    6.968305152    4.581051389
    2.379994435   -2.443460953  -59.959947415  -18.082432691    8.598723773
    2.570393989   -2.443460953  -65.426749741  -38.208244136   12.809699767
    2.760793544   -2.443460953  -73.965977834  -49.936566370   16.927833757
    2.951193099   -2.443460953  -83.797143665  -51.761398115   20.566864465

   -3.141592654   -2.094395102  -86.536193331  -40.768730076   13.389932423
   -2.951193099   -2.094395102  -93.155041738  -28.165632589   14.531666855
   -2.760793544   -2.094395102  -97.069509889  -12.996139421   15.162999116
   -2.570393989   -2.094395102  -98.186702820    0.626715683   15.374882402
   -2.379994435   -2.094395102  -97.097567578    9.943279948   15.315768930
   -2.189594880   -2.094395102  -94.710181591   14.352043190   15.118094183
   -1.999195325   -2.094395102  -91.843393455   15.381637738   14.814494359
   -1.808795770   -2.094395102  -88.908967542   15.464149829   14.267912634
   -1.618396215   -2.094395102  -85.885600471   16.536981852   13.189076941
   -1.427996661   -2.094395102  -82.509509469   19.097701000   11.254794145
   -1.237597106   -2.094395102  -78.570171304   22.218855951    8.264688711
   -1.047197551   -2.094395102  -74.116164137   24.170465233    4.266808613
   -0.856797996   -2.094395102  -69.535564867   23.250600730   -0.441483193
   -0.666398442   -2.094395102  -65.495463914   18.336131781   -5.387181647
   -0.475998887   -2.094395102  -62.804446757    9.079976464  -10.053078634
   -0.285599332   -2.094395102  -62.268965739   -4.144911067  -13.975168534
   -0.095199777   -2.094395102  -64.540179767  -20.092995311  -16.840550444
    0.095199777   -2.094395102  -69.925072577  -36.327313476  -18.550129329
    0.285599332   -2.094395102  -78.132462552  -48.978201964  -19.218689493
    0.475998887   -2.094395102  -88.034496596  -53.353735920  -19.097875674
    0.666398442   -2.094395102  -97.659492064  -45.646961644  -18.446333685
    0.856797996   -2.094395102 -104.588558183  -25.299507480  -17.402310457
    1.047197551   -2.094395102 -106.732761155    3.567725050  -15.978587863
    1.237597106   -2.094395102 -103.177507921   33.090679216  -14.120517482
    1.427996661   -2.094395102  -94.629950814   54.733706425  -11.795944662
    1.618396215   -2.094395102  -83.204499858   62.740459316   -9.047338854
    1.808795770   -2.094395102  -71.678116365   55.994261773   -5.971700844
    1.999195325   -2.094395102  -62.617772403   37.628026257   -2.699826469
    2.189594880   -2.094395102  -57.734434067   13.115378204    0.626457081
    2.379994435   -2.094395102  -57.634292252  -11.712009669    3.860426977
    2.570393989   -2.094395102  -61.888552117  -31.916616943    6.861798161
    2.760793544   -2.094395102  -69.269310261  -44.144524217    9.508500155
    2.951193099   -2.094395102  -78.080461365  -46.913319795   11.704338447

   -3.141592654   -1.745329252  -84.518247347  -39.014124346    4.767870483
   -2.951193099   -1.745329252  -90.840147924  -26.809096286    5.214795551
   -2.760793544   -1.745329252  -94.538348048  -12.102147691    5.536591364
   -2.570393989   -1.745329252  -95.534785594    0.989810761    5.659151707
   -2.379994435   -1.745329252  -94.432306052    9.704808596    5.461657924
   -2.189594880   -1.745329252  -92.156606398   13.383264751    4.797266773
   -1.999195325   -1.745329252  -89.565128086   13.398005911    3.522221692
   -1.808795770   -1.745329252  -87.138996169   12.035497296    1.520264879
   -1.618396215   -1.745329252  -84.939483136   11.267721304   -1.249048762
   -1.427996661   -1.745329252  -82.751239127   11.918128333   -4.690003860
   -1.237597106   -1.745329252  -80.329177538   13.589572601   -8.545619832
   -1.047197551   -1.745329252  -77.582597001   15.060840838  -12.431445872
   -0.856797996   -1.745329252  -74.686609208   14.880563896  -15.934291839
   -0.666398442   -1.745329252  -72.079307802   11.817123903  -18.702951077
   -0.475998887   -1.745329252  -70.391760668    5.147248544  -20.515450060
   -0.285599332   -1.745329252  -70.339215544   -5.291820650  -21.285317977
   -0.095199777   -1.745329252  -72.587391956  -18.803668826  -21.083408752
    0.095199777   -1.745329252  -77.556274341  -33.407717707  -20.145992886
    0.285599332   -1.745329252  -85.135358466  -45.472437757  -18.844095153
    0.475998887   -1.745329252  -94.391328620  -50.202893382  -17.574728010
    0.666398442   -1.745329252 -103.494848242  -43.343066046  -16.601458251
    0.856797996   -1.745329252 -110.063221424  -23.746452810  -15.922332831
    1.047197551   -1.745329252 -111.939373596    4.946796173  -15.290452531
    1.237597106   -1.745329252 -108.080209114   35.006932019  -14.343672390
    1.427996661   -1.745329252  -99.073378009   57.678351923  -12.797944565
    1.618396215   -1.745329252  -86.978334771   66.798654265  -10.581649157
    1.808795770   -1.745329252  -74.594237500   60.856364161   -7.846809310
    1.999195325   -1.745329252  -64.571839406   42.762765559   -4.905299690
    2.189594880   -1.745329252  -58.727974272   17.976470008   -2.107884979
    2.379994435   -1.745329252  -57.759564877   -7.507091292    0.263682309
    2.570393989   -1.745329252  -61.287265661  -28.499342927    2.070508972
    2.760793544   -1.745329252  -68.086685214  -41.436618167    3.330765168
    2.951193099   -1.745329252  -76.436147937  -44.739546475    4.174375078

   -3.141592654   -1.396263402  -86.078931852  -38.975889129    1.949732434
   -2.951193099   -1.396263402  -92.355774870  -26.374763788    1.685371139
   -2.760793544   -1.396263402  -95.943630540  -11.445646910    1.482680203
   -2.570393989   -1.396263402  -96.829259773    1.395205141    1.195191956
   -2.379994435   -1.396263402  -95.724316562    9.207251230    0.561166160
   -2.189594880   -1.396263402  -93.681706050   11.329433233   -0.719179055
   -1.999195325   -1.396263402  -91.669956838    9.308007054   -2.883025602
   -1.808795770   -1.396263402  -90.229244733    5.798832324   -6.014300897
   -1.618396215   -1.396263402  -89.392213962    3.313561114   -9.970150732
   -1.427996661   -1.396263402  -88.805756735    3.255073156  -14.355597881
   -1.237597106   -1.396263402  -87.992127243    5.600942013  -18.585631280
   -1.047197551   -1.396263402  -86.591180010    9.117817259  -22.035900811
   -0.856797996   -1.396263402  -84.552898698   11.922281680  -24.220700934
   -0.666398442   -1.396263402  -82.197218744   12.115544246  -24.910558341
   -0.475998887   -1.396263402  -80.167926219    8.334551957  -24.164087910
   -0.285599332   -1.396263402  -79.297913196   -0.061724778  -22.263545819
   -0.095199777   -1.396263402  -80.443708947  -12.656029954  -19.649185824
    0.095199777   -1.396263402  -84.253001269  -27.579865293  -16.839730151
    0.285599332   -1.396263402  -90.844336633  -41.087490500  -14.341571310
    0.475998887   -1.396263402  -99.462699629  -47.956211184  -12.521915878
    0.666398442   -1.396263402 -108.347395471  -43.221023518  -11.492626611
    0.856797996   -1.396263402 -115.038350210  -24.980935610  -11.060377113
    1.047197551   -1.396263402 -117.179857967    3.602561124  -10.817066520
    1.237597106   -1.396263402 -113.486917353   34.757524742  -10.301397001
    1.427996661   -1.396263402 -104.361986444   59.204884672   -9.188305213
    1.618396215   -1.396263402  -91.805283632   70.043979293   -7.400969165
    1.808795770   -1.396263402  -78.689317357   65.136660241   -5.111408832
    1.999195325   -1.396263402  -67.828714171   47.112587290   -2.670010750
    2.189594880   -1.396263402  -61.220622892   21.526841382   -0.473038774
    2.379994435   -1.396263402  -59.694008917   -5.239239570    1.162113837
    2.570393989   -1.396263402  -62.915069898  -27.507480061    2.093183116
    2.760793544   -1.396263402  -69.616930547  -41.314709308    2.381241506
    2.951193099   -1.396263402  -77.979917102  -44.899528717    2.243505700

   -3.141592654   -1.047197551  -89.000389628  -41.549409587    3.515399576
   -2.951193099   -1.047197551  -95.678731227  -27.988527189    2.312150983
   -2.760793544   -1.047197551  -99.481968511  -12.155514599    1.121426548
   -2.570393989   -1.047197551 -100.456637469    1.043618790   -0.112118966
   -2.379994435   -1.047197551  -99.450511531    8.366780298   -1.616626682
   -2.189594880   -1.047197551  -97.683096191    9.151738001   -3.718947319
   -1.999195325   -1.047197551  -96.259357129    5.263583713   -6.691845906
   -1.808795770   -1.047197551  -95.768170815   -0.061696800  -10.586686945
   -1.618396215   -1.047197551  -96.165926685   -3.615178886  -15.110290151
   -1.427996661   -1.047197551  -96.898828498   -3.422740799  -19.627523288
   -1.237597106   -1.047197551  -97.212772263    0.672694937  -23.320612051
   -1.047197551   -1.047197551  -96.483908289    7.134448352  -25.462929799
   -0.856797996   -1.047197551  -94.496818823   13.383401094  -25.664846049
   -0.666398442   -1.047197551  -91.552782332   16.715366789  -23.978620997
   -0.475998887   -1.047197551  -88.420562346   15.116256181  -20.848551071
   -0.285599332   -1.047197551  -86.155289587    7.570614972  -16.935524382
   -0.095199777   -1.047197551  -85.879559193   -5.586314585  -12.933930844
    0.095199777   -1.047197551  -88.496034356  -22.296770307   -9.408328451
    0.285599332   -1.047197551  -94.315861616  -38.342139764   -6.695242192
    0.475998887   -1.047197551 -102.662709256  -47.797101023   -4.861976502
    0.666398442   -1.047197551 -111.712276773  -44.938564564   -3.751530919
    0.856797996   -1.047197551 -118.810957651  -27.326883587   -3.080236236
    1.047197551   -1.047197551 -121.347887615    1.988334197   -2.561426915
    1.237597106   -1.047197551 -117.808908648   34.848474636   -1.967313550
    1.427996661   -1.047197551 -108.475046401   61.278032190   -1.159780097
    1.618396215   -1.047197551  -95.365153407   73.648180726   -0.079754733
    1.808795770   -1.047197551  -81.490216808   69.309277187    1.248984625
    1.999195325   -1.047197551  -69.869345491   50.740059517    2.701314143
    2.189594880   -1.047197551  -62.698292237   23.689643680    4.063251019
    2.379994435   -1.047197551  -60.940274722   -4.997386683    5.077271427
    2.570393989   -1.047197551  -64.293840819  -29.072531550    5.531962024
    2.760793544   -1.047197551  -71.420315995  -44.075080563    5.344986601
    2.951193099   -1.047197551  -80.353373153  -47.972311597    4.602110971

   -3.141592654   -0.698131701  -89.200206627  -45.449403422    3.121047100
   -2.951193099   -0.698131701  -96.621123456  -31.816576842    0.777223254
   -2.760793544   -0.698131701 -101.125561010  -15.688990393   -1.498228676
   -2.570393989   -0.698131701 -102.756692116   -2.382594126   -3.659357610
   -2.379994435   -0.698131701 -102.433226861    4.516048298   -5.874840064
   -2.189594880   -0.698131701 -101.487916635    4.282001965   -8.445413125
   -1.999195325   -0.698131701 -101.114267068   -0.893816423  -11.610531562
   -1.808795770   -0.698131701 -101.894013656   -7.124694793  -15.340114394
   -1.618396215   -0.698131701 -103.640255384  -10.480973297  -19.211526600
   -1.427996661   -0.698131701 -105.541876083   -8.562862840  -22.476546044
   -1.237597106   -0.698131701 -106.556608413   -1.355297533  -24.310543684
   -1.047197551   -0.698131701 -105.854368483    8.922592735  -24.154058631
   -0.856797996   -0.698131701 -103.176236131   18.733825867  -21.944383718
   -0.666398442   -0.698131701  -98.956840403   24.521494006  -18.132068620
   -0.475998887   -0.698131701  -94.228296258   23.797028606  -13.507284247
   -0.285599332   -0.698131701  -90.354949531   15.531061991   -8.914325083
   -0.095199777   -0.698131701  -88.731900364    0.452998567   -4.993859544
    0.095199777   -0.698131701  -90.429857377  -18.717493717   -2.018987825
    0.285599332   -0.698131701  -95.790300401  -37.003191933    0.114283586
    0.475998887   -0.698131701 -104.032841200  -47.875386903    1.757570824
    0.666398442   -0.698131701 -113.147167369  -45.374760367    3.271987493
    0.856797996   -0.698131701 -120.288608322  -27.247368613    4.822032573
    1.047197551   -0.698131701 -122.720998961    3.021940620    6.312966209
    1.237597106   -0.698131701 -118.891619032   36.817216102    7.524466921
    1.427996661   -0.698131701 -109.114778006   63.895102699    8.295458610
    1.618396215   -0.698131701  -95.473708522   76.545865318    8.653343735
    1.808795770   -0.698131701  -81.048664155   72.124145437    8.772489270
    1.999195325   -0.698131701  -68.928315218   53.107333133    8.826780477
    2.189594880   -0.698131701  -61.380646036   25.216091156    8.854521867
    2.379994435   -0.698131701  -59.442407617   -4.676013521    8.716397460
    2.570393989   -0.698131701  -62.869017203  -30.173394779    8.177281118
    2.760793544   -0.698131701  -70.338533035  -46.540470592    7.046237362
    2.951193099   -0.698131701  -79.843242355  -51.432383665    5.303464615

   -3.141592654   -0.349065850  -88.763272342  -50.823215978    2.681753743
   -2.951193099   -0.349065850  -97.213438324  -37.142436283   -0.343920215
   -2.760793544   -0.349065850 -102.691826929  -20.549074234   -3.287945924
   -2.570393989   -0.349065850 -105.202620122   -6.800801492   -6.038159661
   -2.379994435   -0.349065850 -105.710166662    0.113695574   -8.695624401
   -2.189594880   -0.349065850 -105.643913029   -0.618071280  -11.485711137
   -1.999195325   -0.349065850 -106.268457091   -6.453491112  -14.543509806
   -1.808795770   -0.349065850 -108.134631511  -12.823832069  -17.706064720
   -1.618396215   -0.349065850 -110.888265465  -15.120482336  -20.433343554
   -1.427996661   -0.349065850 -113.456384879  -10.680996806  -21.964238283
   -1.237597106   -0.349065850 -114.544310607    0.112097342  -21.641521653
   -1.047197551   -0.349065850 -113.201218205   14.115161678  -19.255525644
   -0.856797996   -0.349065850 -109.245577802   26.727076014  -15.182793790
   -0.666398442   -0.349065850 -103.366979215   33.642247289  -10.253596758
   -0.475998887   -0.349065850  -96.941172238   32.215160628   -5.439412039
   -0.285599332   -0.349065850  -91.646412782   21.873176925   -1.502832290
   -0.095199777   -0.349065850  -89.060970093    4.217689422    1.249740156
    0.095199777   -0.349065850  -90.256515566  -17.058117314    3.038143613
    0.285599332   -0.349065850  -95.410067079  -36.263254807    4.458869872
    0.475998887   -0.349065850 -103.492038517  -46.739482058    6.174920519
    0.666398442   -0.349065850 -112.281581216  -43.046068666    8.545063166
    0.856797996   -0.349065850 -118.863399900  -23.803903902   11.407605065
    1.047197551   -0.349065850 -120.592371614    6.784158171   14.163613747
    1.237597106   -0.349065850 -116.094510572   39.919134784   16.123695331
    1.427996661   -0.349065850 -105.841038283   65.751241484   16.873327674
    1.618396215   -0.349065850  -91.967883950   77.178053456   16.463710311
    1.808795770   -0.349065850  -77.506080576   71.962556519   15.301381716
    1.999195325   -0.349065850  -65.456615367   52.577837532   13.876949483
    2.189594880   -0.349065850  -58.034984933   24.409173410   12.503989036
    2.379994435   -0.349065850  -56.298124965   -6.046543604   11.202358370
    2.570393989   -0.349065850  -60.075190766  -32.551786957    9.760718629
    2.760793544   -0.349065850  -68.117097100  -50.190311554    7.910502240
    2.951193099   -0.349065850  -78.429223106  -56.207871688    5.521179973

   -3.141592654    0.000000000  -87.644828042  -56.469987128    1.400799951
   -2.951193099    0.000000000  -97.199292476  -42.988678753   -1.687272807
   -2.760793544    0.000000000 -103.773824845  -26.151544774   -4.574334928
   -2.570393989    0.000000000 -107.315521342  -12.027970723   -7.151916732
   -2.379994435    0.000000000 -108.794817037   -4.906086120   -9.500039175
   -2.189594880    0.000000000 -109.681449607   -5.613123251  -11.788337321
   -1.999195325    0.000000000 -111.244517786  -11.234316350  -14.065637268
   -1.808795770    0.000000000 -113.942712175  -16.599096692  -16.088489244
   -1.618396215    0.000000000 -117.223785974  -16.667691838  -17.309115632
   -1.427996661    0.000000000 -119.784247221   -8.908445201  -17.098927105
   -1.237597106    0.000000000 -120.186529747    5.505704677  -15.092778515
   -1.047197551    0.000000000 -117.528026021   22.308328734  -11.460008029
   -0.856797996    0.000000000 -111.878397016   35.989606536   -6.905399510
   -0.666398442    0.000000000 -104.294489733   41.977183726   -2.395505115
   -0.475998887    0.000000000  -96.497427931   38.097739644    1.230925713
   -0.285599332    0.000000000  -90.365515225   24.789519397    3.575950131
   -0.095199777    0.000000000  -87.464250010    4.812591889    4.817541266
    0.095199777    0.000000000  -88.649487161  -17.249032246    5.621715503
    0.285599332    0.000000000  -93.768798549  -35.436693606    6.851293700
    0.475998887    0.000000000 -101.489032561  -43.648096185    9.169329561
    0.666398442    0.000000000 -109.457497971  -37.631083751   12.677161700
    0.856797996    0.000000000 -114.871451495  -17.252054502   16.795335430
    1.047197551    0.000000000 -115.388643541   12.638157775   20.508444741
    1.237597106    0.000000000 -109.973123284   43.503492253   22.847342704
    1.427996661    0.000000000  -99.310464623   66.468035614   23.319025984
    1.618396215    0.000000000  -85.544253801   75.492572252   22.074807871
    1.808795770    0.000000000  -71.547848024   68.962318689   19.721508558
    1.999195325    0.000000000  -60.108797337   49.314898969   16.973798711
    2.189594880    0.000000000  -53.286278242   21.421365519   14.332911996
    2.379994435    0.000000000  -52.095779055   -8.852064586   11.945786945
    2.570393989    0.000000000  -56.428005309  -35.677047953    9.660457023
    2.760793544    0.000000000  -65.136932432  -54.137356831    7.213237562
    2.951193099    0.000000000  -76.295042912  -61.141049613    4.444034086

   -3.141592654    0.349065850  -85.936939256  -61.147417363    1.549386329
   -2.951193099    0.349065850  -96.399351403  -47.771430808   -0.695978640
   -2.760793544    0.349065850 -103.871414539  -30.743907660   -2.715776052
   -2.570393989    0.349065850 -108.260314128  -16.325019613   -4.486408648
   -2.379994435    0.349065850 -110.534432148   -8.965055420   -6.085177320
   -2.189594880    0.349065850 -112.172848655   -9.419120191   -7.606534595
   -1.999195325    0.349065850 -114.412216955  -14.431530540   -9.016111195
   -1.808795770    0.349065850 -117.602503410  -18.412277139  -10.061693306
   -1.618396215    0.349065850 -121.023568295  -16.184223988  -10.321598220
   -1.427996661    0.349065850 -123.227622035   -5.618191907   -9.419539663
   -1.237597106    0.349065850 -122.757208711   11.243767833   -7.282581235
   -1.047197551    0.349065850 -118.868061549   29.223383485   -4.270271113
   -0.856797996    0.349065850 -111.925546210   42.362948301   -1.056824350
   -0.666398442    0.349065850 -103.300551897   46.354521184    1.672518065
   -0.475998887    0.349065850  -94.915960110   39.877721127    3.536380871
   -0.285599332    0.349065850  -88.660708158   24.472069214    4.613537325
   -0.095199777    0.349065850  -85.910829848    3.833801412    5.410122041
    0.095199777    0.349065850  -87.196009216  -17.010459576    6.661094446
    0.285599332    0.349065850  -92.020566415  -32.379520490    9.022893127
    0.475998887    0.349065850  -98.833981600  -37.203105736   12.754919328
    0.666398442    0.349065850 -105.309362229  -28.671430700   17.509204594
    0.856797996    0.349065850 -108.934788665   -7.849328187   22.364473239
    1.047197551    0.349065850 -107.813692313   20.065299200   26.172020289
    1.237597106    0.349065850 -101.320100571   47.213002173   28.031374502
    1.427996661    0.349065850  -90.349567912   66.053859010   27.638253635
    1.618396215    0.349065850  -76.993579580   71.828239929   25.343792606
    1.808795770    0.349065850  -63.882273513   63.609677460   21.900566120
    1.999195325    0.349065850  -53.501569079   43.762536175   18.114552056
    2.189594880    0.349065850  -47.679447242   16.552813474   14.558842094
    2.379994435    0.349065850  -47.335482948  -12.909182674   11.466734694
    2.570393989    0.349065850  -52.392887710  -39.336768878    8.783532327
    2.760793544    0.349065850  -61.804826666  -57.944862742    6.319133909
    2.951193099    0.349065850  -73.729978123  -65.412962351    3.918149424

   -3.141592654    0.698131701  -84.123941410  -63.671739460    0.566220492
   -2.951193099    0.698131701  -95.080536066  -50.405538573   -0.091502003
   -2.760793544    0.698131701 -103.059543244  -33.403606518   -0.523451458
   -2.570393989    0.698131701 -107.952785439  -18.944954572   -0.850196503
   -2.379994435    0.698131701 -110.719099451  -11.499507843   -1.194399398
   -2.189594880    0.698131701 -112.824041845  -11.743173230   -1.631789433
   -1.999195325    0.698131701 -115.463804041  -16.240446999   -2.133480152
   -1.808795770    0.698131701 -118.912395380  -19.230925186   -2.551698083
   -1.618396215    0.698131701 -122.359005706  -15.581878704   -2.674471202
   -1.427996661    0.698131701 -124.304157683   -3.533123399   -2.348939812
   -1.237597106    0.698131701 -123.330852167   14.312227312   -1.594887998
   -1.047197551    0.698131701 -118.836012904   32.340844846   -0.616449085
   -0.856797996    0.698131701 -111.370976516   44.600482901    0.324015729
   -0.666398442    0.698131701 -102.443975221   47.277758109    1.090128814
   -0.475998887    0.698131701  -93.989205071   39.811616829    1.799217553
   -0.285599332    0.698131701  -87.763293661   24.442623243    2.804215271
   -0.095199777    0.698131701  -84.906206250    5.222894912    4.567188802
    0.095199777    0.698131701  -85.690206492  -12.974938955    7.477367372
    0.285599332    0.698131701  -89.444812785  -25.172862821   11.657139737
    0.475998887    0.698131701  -94.621768099  -27.420590268   16.808207612
    0.666398442    0.698131701  -99.118848459  -18.051823426   22.181914460
    0.856797996    0.698131701 -100.828244586    1.245560827   26.731156650
    1.047197551    0.698131701  -98.294879750   25.524776326   29.469296260
    1.237597106    0.698131701  -91.201921639   47.995121475   29.835705575
    1.427996661    0.698131701  -80.510418203   62.514598818   27.886569374
    1.618396215    0.698131701  -68.131517048   65.398653935   24.219734698
    1.808795770    0.698131701  -56.374063546   56.117094367   19.681921403
    1.999195325    0.698131701  -47.394195972   36.747105355   15.070495593
    2.189594880    0.698131701  -42.787596869   10.881122268   10.935713260
    2.379994435    0.698131701  -43.379295893  -17.096058044    7.540057587
    2.570393989    0.698131701  -49.119430336  -42.411478523    4.915091940
    2.760793544    0.698131701  -59.055309162  -60.463883804    2.963761042
    2.951193099    0.698131701  -71.445623621  -67.831226372    1.553873917

   -3.141592654    1.047197551  -85.804447487  -64.415525869   -3.187016423
   -2.951193099    1.047197551  -96.811337947  -50.210521012   -2.380471830
   -2.760793544    1.047197551 -104.685262686  -32.533046584   -1.331679983
   -2.570393989    1.047197551 -109.373535009  -17.706658971   -0.288343311
   -2.379994435    1.047197551 -111.892985133  -10.183332408    0.577933564
   -2.189594880    1.047197551 -113.758346331  -10.564639573    1.190609783
   -1.999195325    1.047197551 -116.197145173  -15.315986398    1.541451977
   -1.808795770    1.047197551 -119.496843081  -18.595707503    1.648981880
   -1.618396215    1.047197551 -122.851301645  -15.259882364    1.527716902
   -1.427996661    1.047197551 -124.770584475   -3.609257832    1.185047260
   -1.237597106    1.047197551 -123.858889042   13.715775311    0.657491342
   -1.047197551    1.047197551 -119.530222574   31.197577101    0.060620618
   -0.856797996    1.047197551 -112.315373966   43.183376730   -0.359389074
   -0.666398442    1.047197551 -103.633682488   46.254719385   -0.245887228
   -0.475998887    1.047197551  -95.261528035   40.135812002    0.792170201
   -0.285599332    1.047197551  -88.768688660   27.059624168    3.054540535
   -0.095199777    1.047197551  -85.143720262   10.719442850    6.641834799
    0.095199777    1.047197551  -84.606119334   -4.666125970   11.395990448
    0.285599332    1.047197551  -86.574162199  -14.927902609   16.870230321
    0.475998887    1.047197551  -89.739686511  -16.846884506   22.334930588
    0.666398442    1.047197551  -92.348615413   -9.131813255   26.878249273
    0.856797996    1.047197551  -92.660843245    6.759917965   29.610005968
    1.047197551    1.047197551  -89.485984131   26.683903426   29.964715649
    1.237597106    1.047197551  -82.584496133   44.938157705   27.904041081
    1.427996661    1.047197551  -72.797390827   56.299086760   23.921267343
    1.618396215    1.047197551  -61.786950445   57.479132666   18.828727056
    1.808795770    1.047197551  -51.590866229   47.821668674   13.453301857
    1.999195325    1.047197551  -44.149933954   28.983527801    8.429655490
    2.189594880    1.047197551  -40.929973241    4.126351422    4.139419703
    2.379994435    1.047197551  -42.695500945  -22.656558081    0.769732006
    2.570393989    1.047197551  -49.376617611  -46.730167363   -1.609184657
    2.760793544    1.047197551  -60.016710816  -63.539030544   -2.997813513
    2.951193099    1.047197551  -72.877670915  -69.696390158   -3.470096811

   -3.141592654    1.396263402  -89.854795712  -62.640523442  -10.340417672
   -2.951193099    1.396263402 -100.390678512  -47.141026482   -8.916108489
   -2.760793544    1.396263402 -107.612314912  -28.863509467   -7.105447759
   -2.570393989    1.396263402 -111.597671683  -14.086341803   -5.155312584
   -2.379994435    1.396263402 -113.470885245   -7.072806408   -3.227939048
   -2.189594880    1.396263402 -114.816098978   -8.245278088   -1.412403963
   -1.999195325    1.396263402 -116.903515831  -13.973009979    0.202072189
   -1.808795770    1.396263402 -120.052883704  -18.389670905    1.477017971
   -1.618396215    1.396263402 -123.485277667  -16.302109091    2.237843782
   -1.427996661    1.396263402 -125.717582986   -5.828339977    2.366258713
   -1.237597106    1.396263402 -125.308589482   10.746290670    1.926279831
   -1.047197551    1.396263402 -121.551231241   28.332189282    1.230959635
   -0.856797996    1.396263402 -114.779532630   41.587323552    0.809213521
   -0.666398442    1.396263402 -106.186470511   47.086716882    1.239565251
   -0.475998887    1.396263402  -97.359960243   44.153325488    2.955422564
   -0.285599332    1.396263402  -89.787900426   34.320385212    6.089856272
   -0.095199777    1.396263402  -84.522420097   20.508173189   10.420270858
    0.095199777    1.396263402  -81.986048411    6.267942477   15.413377800
    0.285599332    1.396263402  -81.904556482   -4.649046287   20.315639304
    0.475998887    1.396263402  -83.323831539   -9.065788278   24.271301886
    0.666398442    1.396263402  -84.808129650   -5.282789187   26.501192564
    0.856797996    1.396263402  -84.815918381    6.103543266   26.500507021
    1.047197551    1.396263402  -82.166730851   21.980530944   24.227311038
    1.237597106    1.396263402  -76.448069046   37.470417451   20.113558767
    1.427996661    1.396263402  -68.221007981   47.619110263   14.907824008
    1.618396215    1.396263402  -58.875528804   48.816052265    9.395246208
    1.808795770    1.396263402  -50.271854409   39.807136803    4.160790683
    1.999195325    1.396263402  -44.280011305   21.777649802   -0.478030946
    2.189594880    1.396263402  -42.353301335   -2.238691259   -4.390803322
    2.379994435    1.396263402  -45.238011886  -27.993030056   -7.499669213
    2.570393989    1.396263402  -52.808255538  -50.650311400   -9.706343566
    2.760793544    1.396263402  -64.026709510  -65.625542361  -10.908288375
    2.951193099    1.396263402  -77.094309514  -69.761119700  -11.082024390

   -3.141592654    1.745329252  -96.496807482  -60.755668509  -16.295480916
   -2.951193099    1.745329252 -106.521470325  -43.743222831  -14.808116613
   -2.760793544    1.745329252 -112.997085685  -24.525246158  -12.774055393
   -2.570393989    1.745329252 -116.113356143   -9.390183152  -10.372962012
   -2.379994435    1.745329252 -117.096560094   -2.491223724   -7.718187322
   -2.189594880    1.745329252 -117.612096672   -4.181380382   -4.886531571
   -1.999195325    1.745329252 -119.006011555  -10.825626081   -2.005450422
   -1.808795770    1.745329252 -121.675007234  -16.560967284    0.700661374
   -1.618396215    1.745329252 -124.905892239  -16.041245037    2.940189784
   -1.427996661    1.745329252 -127.228181354   -6.972564776    4.475214183
   -1.237597106    1.745329252 -127.113969572    8.951809416    5.276734311
   -1.047197551    1.745329252 -123.661571615   27.148282628    5.608279075
   -0.856797996    1.745329252 -116.945354657   42.385428898    5.975668320
   -0.666398442    1.745329252 -107.929068988   50.825505888    6.923460678
   -0.475998887    1.745329252  -98.090589550   50.991824834    8.808084603
   -0.285599332    1.745329252  -88.973706083   43.514958913   11.627874038
   -0.095199777    1.745329252  -81.843357188   30.617665166   14.994680378
    0.095199777    1.745329252  -77.436853392   15.493927254   18.233077442
    0.285599332    1.745329252  -75.825802305    1.918622190   20.555589646
    0.475998887    1.745329252  -76.359828948   -6.500049273   21.272242673
    0.666398442    1.745329252  -77.788236726   -7.272987914   20.012007509
    0.856797996    1.745329252  -78.581327398    0.011147971   16.854741066
    1.047197551    1.745329252  -77.383239881   13.104199198   12.339059471
    1.237597106    1.745329252  -73.482385544   27.534858932    7.251732277
    1.427996661    1.745329252  -67.123676099   38.119892809    2.338006267
    1.618396215    1.745329252  -59.474296525   40.558857436   -1.956937878
    1.808795770    1.745329252  -52.314742739   32.855517800   -5.560922746
    1.999195325    1.745329252  -47.548932484   15.784774103   -8.639382755
    2.189594880    1.745329252  -46.699029502   -7.578824659  -11.369579672
    2.379994435    1.745329252  -50.539263982  -32.642868434  -13.767354276
    2.570393989    1.745329252  -58.900943772  -54.215403585  -15.661472081
    2.760793544    1.745329252  -70.654365036  -67.587575653  -16.799637907
    2.951193099    1.745329252  -83.915333839  -69.785684738  -17.010412931

   -3.141592654    2.094395102 -103.585299523  -59.165819998  -18.811130558
   -2.951193099    2.094395102 -113.174821408  -40.830550560  -17.564523255
   -2.760793544    2.094395102 -118.996477829  -20.627870549  -15.683787806
   -2.570393989    2.094395102 -121.299675089   -4.795811041  -13.257160998
   -2.379994435    2.094395102 -121.357775489    2.595149322  -10.334971650
   -2.189594880    2.094395102 -120.875564826    1.160292088   -6.953509925
   -1.999195325    2.094395102 -121.254826554   -5.587300599   -3.215164359
   -1.808795770    2.094395102 -122.973275854  -11.907250696    0.664416350
   -1.618396215    2.094395102 -125.409200962  -12.412605096    4.361618548
   -1.427996661    2.094395102 -127.151608311   -4.507684942    7.541199065
   -1.237597106    2.094395102 -126.652788208   10.616676345   10.001389677
   -1.047197551    2.094395102 -122.896518603   28.827164856   11.779185288
   -0.856797996    2.094395102 -115.782442022   45.017052965   13.135270734
   -0.666398442    2.094395102 -106.120843037   55.017947687   14.391552696
   -0.475998887    2.094395102  -95.334374921   56.674001346   15.741349331
   -0.285599332    2.094395102  -85.053985585   49.852884427   17.102981872
   -0.095199777    2.094395102  -76.761975890   36.217649706   18.109734319
    0.095199777    2.094395102  -71.485051914   18.784872685   18.217281531
    0.285599332    2.094395102  -69.572997484    1.625301081   16.900551383
    0.475998887    2.094395102  -70.553026208  -10.892094105   13.879324598
    0.666398442    2.094395102  -73.175873474  -15.255063766    9.308199713
    0.856797996    2.094395102  -75.720922314  -10.096902618    3.804385483
    1.047197551    2.094395102  -76.499187113    2.773994769   -1.718954327
    1.237597106    2.094395102  -74.449753038   18.633786723   -6.406057775
    1.427996661    2.094395102  -69.576802249   31.461210892   -9.774656896
    1.618396215    2.094395102  -62.988984228   35.965279778  -11.868632708
    1.808795770    2.094395102  -56.571942600   29.488276813  -13.141935754
    1.999195325    2.094395102  -52.405975919   12.729912464  -14.165575521
    2.189594880    2.094395102  -52.152306723  -10.809634776  -15.333811855
    2.379994435    2.094395102  -56.619454447  -35.920378797  -16.708934445
    2.570393989    2.094395102  -65.567372914  -56.965829114  -18.057594450
    2.760793544    2.094395102  -77.742471614  -69.159025346  -19.020613885
    2.951193099    2.094395102  -91.157122126  -69.786757057  -19.309835802

   -3.141592654    2.443460953 -109.970061465  -58.417316794  -12.396011829
   -2.951193099    2.443460953 -119.313397400  -39.015570946  -10.839248762
   -2.760793544    2.443460953 -124.687062346  -17.745367859   -8.945971151
   -2.570393989    2.443460953 -126.336547241   -0.816656890   -6.769388340
   -2.379994435    2.443460953 -125.529145342    7.703574504   -4.261634524
   -2.189594880    2.443460953 -123.970541598    7.328455703   -1.304118666
   -1.999195325    2.443460953 -123.091406799    1.399571254    2.185235896
   -1.808795770    2.443460953 -123.435084617   -4.550054351    6.149072374
   -1.618396215    2.443460953 -124.479927934   -5.265196928   10.329002740
   -1.427996661    2.443460953 -124.924754333    1.890293015   14.310440225
   -1.237597106    2.443460953 -123.304067779   15.971821702   17.662215663
   -1.047197551    2.443460953 -118.627653548   33.161770175   20.097683395
   -0.856797996    2.443460953 -110.768209214   48.542389529   21.545395406
   -0.666398442    2.443460953 -100.498877149   57.873277091   22.079531179
   -0.475998887    2.443460953  -89.243003762   58.673181584   21.790608132
   -0.285599332    2.443460953  -78.706620916   50.407702309   20.657572765
   -0.095199777    2.443460953  -70.513133008   34.475858900   18.529325016
    0.095199777    2.443460953  -65.851245092   13.962966029   15.198494461
    0.285599332    2.443460953  -65.178801701   -6.560146454   10.565611311
    0.475998887    2.443460953  -67.999380609  -21.860049492    4.812258931
    0.666398442    2.443460953  -72.862422902  -27.499450162   -1.493246036
    0.856797996    2.443460953  -77.698788339  -21.553291595   -7.473992359
    1.047197551    2.443460953  -80.429010447   -6.008779816  -12.212213382
    1.237597106    2.443460953  -79.708702279   13.529350982  -15.116803838
    1.427996661    2.443460953  -75.466504925   29.811287272  -16.149562434
    1.618396215    2.443460953  -68.955549446   36.558466295  -15.814460157
    1.808795770    2.443460953  -62.338479420   30.752792959  -14.889198222
    1.999195325    2.443460953  -57.973413682   13.412159924  -14.071589269
    2.189594880    2.443460953  -57.694281245  -11.238228378  -13.726197471
    2.379994435    2.443460953  -62.337699934  -37.251700305  -13.820429966
    2.570393989    2.443460953  -71.576736309  -58.558644755  -14.043378276
    2.760793544    2.443460953  -84.025291061  -70.330006090  -14.017136993
    2.951193099    2.443460953  -97.584541809  -70.088734991  -13.486560671

   -3.141592654    2.792526803 -112.437854503  -56.414913471    2.296524019
   -2.951193099    2.792526803 -121.372157120  -36.760646006    4.295502603
   -2.760793544    2.792526803 -126.294748961  -15.262969410    5.898999573
   -2.570393989    2.792526803 -127.438966121    2.037670873    7.172792878
   -2.379994435    2.792526803 -126.029528572   11.227296391    8.409990911
   -2.189594880    2.792526803 -123.709677036   11.844369281   10.039733211
   -1.999195325    2.792526803 -121.858763829    7.096407309   12.438623812
   -1.808795770    2.792526803 -121.011081435    2.213940953   15.739153544
   -1.618396215    2.792526803 -120.701794297    2.083929647   19.705590267
   -1.427996661    2.792526803 -119.749986115    9.071502980   23.765044158
   -1.237597106    2.792526803 -116.841828567   22.187615235   27.190895093
   -1.047197551    2.792526803 -111.126702420   37.772628702   29.354285735
   -0.856797996    2.792526803 -102.577067909   51.125151017   29.898498074
   -0.666398442    2.792526803  -92.032143888   58.142668507   28.755829715
   -0.475998887    2.792526803  -80.965692217   56.360211034   26.061735165
   -0.285599332    2.792526803  -71.136950207   45.246942276   22.025041775
   -0.095199777    2.792526803  -64.211015626   26.319667383   16.869992297
    0.095199777    2.792526803  -61.374716219    3.022495703   10.837907627
    0.285599332    2.792526803  -62.992359895  -19.485478219    4.261967104
    0.475998887    2.792526803  -68.351164558  -35.302467290   -2.361326801
    0.666398442    2.792526803  -75.672976060  -39.545801390   -8.362173037
    0.856797996    2.792526803  -82.523007794  -30.385606678  -13.014900429
    1.047197551    2.792526803  -86.536372433  -10.557588431  -15.774397010
    1.237597106    2.792526803  -86.271992567   13.188677440  -16.510284936
    1.427996661    2.792526803  -81.780027421   32.529057850  -15.565177916
    1.618396215    2.792526803  -74.593367803   40.662532180  -13.612000722
    1.808795770    2.792526803  -67.188595883   34.728235184  -11.355827842
    1.999195325    2.792526803  -62.155949282   16.379090098   -9.268766507
    2.189594880    2.792526803  -61.424309243   -9.412945505   -7.482874497
    2.379994435    2.792526803  -65.800178706  -36.168988777   -5.853100018
    2.570393989    2.792526803  -74.858166831  -57.643151393   -4.131191559
    2.760793544    2.792526803  -87.111330914  -69.139944795   -2.151402488
    2.951193099    2.792526803 -100.401782530  -68.463492276    0.059835656
