#! FIELDS phi psi file.free der_phi der_psi
#! SET min_phi -pi
#! SET max_phi pi
#! SET nbins_phi  33
#! SET periodic_phi true
#! SET min_psi -pi
#! SET max_psi pi
#! SET nbins_psi  18
#! SET periodic_psi true
   -3.141592654   -3.141592654 -110.181917687  -53.041935836   17.805881370
   -2.951193099   -3.141592654 -118.594420255  -34.736088036   19.928558737
   -2.760793544   -3.141592654 -123.269680159  -14.661378997   21.160779480
   -2.570393989   -3.141592654 -124.395550735    1.800169809   21.683681077
   -2.379994435   -3.141592654 -123.027242184   11.236916831   21.967747130
   -2.189594880   -3.141592654 -120.578644510   13.393430526   22.629508994
   -1.999195325   -3.141592654 -118.208364846   11.064493205   24.174148045
   -1.808795770   -3.141592654 -116.363473973    8.647551703   26.735921728
   -1.618396215   -3.141592654 -114.666185618   10.011119141   29.955042929
   -1.427996661   -3.141592654 -112.190726677   16.853608097   33.080170704
   -1.237597106   -3.141592654 -107.957567880   28.056829711   35.239962515
   -1.047197551   -3.141592654 -101.421603665   40.358973866   35.743526004
   -0.856797996   -3.141592654  -92.756034291   49.742179114   34.254321353
   -0.666398442   -3.141592654  -82.859054809   52.757535083   30.793931171
   -0.475998887   -3.141592654  -73.163955579   47.469070975   25.636058495
   -0.285599332   -3.141592654  -65.303897563   33.603518605   19.202485820
   -0.095199777   -3.141592654  -60.784302164   12.865532504   12.000873414
    0.095199777   -3.141592654  -60.593376804  -11.084711766    4.611284394
    0.285599332   -3.141592654  -64.846691760  -32.822016778   -2.328165592
    0.475998887   -3.141592654  -72.540533741  -46.246177705   -8.176898721
    0.666398442   -3.141592654  -81.600055706  -46.604929338  -12.394770078
    0.856797996   -3.141592654  -89.354580913  -32.769102879  -14.655433140
    1.047197551   -3.141592654  -93.378924637   -8.449081015  -14.948613149
    1.237597106   -3.141592654  -92.379496648   18.565497011  -13.590358822
    1.427996661   -3.141592654  -86.705937326   39.241421889  -11.122306000
    1.618396215   -3.141592654  -78.262837596   46.913976528   -8.113601564
    1.808795770   -3.141592654  -69.797716547   39.553798945   -4.977490892
    1.999195325   -3.141592654  -63.985886347   19.832131593   -1.874710558
    2.189594880   -3.141592654  -62.670034873   -6.578572611    1.242981999
    2.379994435   -3.141592654  -66.496659866  -33.107569563    4.500782735
    2.570393989   -3.141592654  -74.910343613  -53.924313391    7.955396905
    2.760793544   -3.141592654  -86.397281324  -64.912911436   11.506717299
    2.951193099   -3.141592654  -98.877354877  -64.291166587   14.901497034

   -3.141592654   -2.792526803 -102.619478152  -49.136730265   25.830030696
   -2.951193099   -2.792526803 -110.465821842  -32.724566717   27.835874936
   -2.760793544   -2.792526803 -114.928469684  -14.373099126   28.714799074
   -2.570393989   -2.792526803 -116.109688770    1.092631531   28.746453903
   -2.379994435   -2.792526803 -114.881806768   10.677921106   28.485060229
   -2.189594880   -2.792526803 -112.428978819   14.171045389   28.585121901
   -1.999195325   -2.792526803 -109.719174414   13.915253283   29.532381177
   -1.808795770   -2.792526803 -107.135971149   13.454138042   31.400826911
   -1.618396215   -2.792526803 -104.414942836   15.721808595   33.748937928
   -1.427996661   -2.792526803 -100.898394398   21.776576783   35.746690550
   -1.237597106   -2.792526803  -95.947408032   30.410491623   36.467495168
   -1.047197551   -2.792526803  -89.319959464   38.817395610   35.223201813
   -0.856797996   -2.792526803  -81.369136511   43.769539688   31.773963584
   -0.666398442   -2.792526803  -73.013966773   42.657584546   26.348065325
   -0.475998887   -2.792526803  -65.561588233   34.232297962   19.506216758
   -0.285599332   -2.792526803  -60.409381689   18.673685785   11.957906371
   -0.095199777   -2.792526803  -58.762537465   -2.089378372    4.416901222
    0.095199777   -2.792526803  -61.288557538  -24.399570808   -2.469984529
    0.285599332   -2.792526803  -67.806255777  -43.088453934   -8.145652600
    0.475998887   -2.792526803  -77.088311082  -52.561134552  -12.179710784
    0.666398442   -2.792526803  -86.951588879  -48.744992741  -14.331075660
    0.856797996   -2.792526803  -94.751472504  -31.220305895  -14.611350494
    1.047197551   -2.792526803  -98.209722300   -4.228636970  -13.300620460
    1.237597106   -2.792526803  -96.250262778   24.245715945  -10.870391282
    1.427996661   -2.792526803  -89.441729928   45.357511820   -7.832210033
    1.618396215   -2.792526803  -79.843174992   52.891269576   -4.558181532
    1.808795770   -2.792526803  -70.263365525   45.315554469   -1.198519440
    1.999195325   -2.792526803  -63.356655044   25.628151864    2.298045407
    2.189594880   -2.792526803  -60.909182525   -0.451040843    6.061025040
    2.379994435   -2.792526803  -63.526965314  -26.553821357   10.159196754
    2.570393989   -2.792526803  -70.665996537  -47.168004010   14.503020125
    2.760793544   -2.792526803  -80.884597292  -58.465698512   18.823441859
    2.951193099   -2.792526803  -92.217212468  -58.813324248   22.732946817

   -3.141592654   -2.443460953  -93.648380616  -44.799265459   23.053230845
   -2.951193099   -2.443460953 -100.853281276  -30.340153335   24.749660332
   -2.760793544   -2.443460953 -105.034837766  -13.734256751   25.523093043
   -2.570393989   -2.443460953 -106.207295314    0.699098559   25.582493491
   -2.379994435   -2.443460953 -105.071031481   10.293570820   25.323153891
   -2.189594880   -2.443460953 -102.609559466   14.779704373   25.201428722
   -1.999195325   -2.443460953  -99.646878740   15.977719855   25.533874613
   -1.808795770   -2.443460953  -96.557507090   16.567648044   26.316814583
   -1.618396215   -2.443460953  -93.237869003   18.640140286   27.144710027
   -1.427996661   -2.443460953  -89.319038246   22.803334823   27.326182693
   -1.237597106   -2.443460953  -84.478410043   28.031270504   26.142382008
   -1.047197551   -2.443460953  -78.697543189   32.272479123   23.152025972
   -0.856797996   -2.443460953  -72.378048863   33.317314051   18.376906248
   -0.666398442   -2.443460953  -66.299972601   29.450750400   12.288275298
   -0.475998887   -2.443460953  -61.496733317   19.915683304    5.621770177
   -0.285599332   -2.443460953  -59.042287911    4.927314512   -0.866029150
   -0.095199777   -2.443460953  -59.846201603  -13.884594722   -6.571447412
    0.095199777   -2.443460953  -64.355461997  -33.314543133  -11.103955603
    0.285599332   -2.443460953  -72.257681071  -48.672599147  -14.249503542
    0.475998887   -2.443460953  -82.282335209  -54.802509435  -15.935096296
    0.666398442   -2.443460953  -92.281645162  -48.010298355  -16.211245864
    0.856797996   -2.443460953  -99.710808742  -28.168417838  -15.259198577
    1.047197551   -2.443460953 -102.433042490    0.338694939  -13.368271238
    1.237597106   -2.443460953  -99.521142795   29.585310341  -10.868672138
    1.427996661   -2.443460953  -91.664383540   50.982641195   -8.041291923
    1.618396215   -2.443460953  -80.982827422   58.644659320   -5.029442254
    1.808795770   -2.443460953  -70.287550156   51.311628236   -1.844669079
    1.999195325   -2.443460953  -62.197987345   32.085044455    1.577252619
    2.189594880   -2.443460953  -58.464951749    6.592540474    5.280151904
    2.379994435   -2.443460953  -59.691057828  -19.028644905    9.219145066
    2.570393989   -2.443460953  -65.377650384  -39.533615077   13.234691333
    2.760793544   -2.443460953  -74.175870951  -51.303411883   17.072023481
    2.951193099   -2.443460953  -84.240883092  -52.784526474   20.436560800

   -3.141592654   -2.094395102  -87.228058069  -40.999290119   13.939792875
   -2.951193099   -2.094395102  -93.836321612  -27.903444073   15.227336756
   -2.760793544   -2.094395102  -97.687832437  -12.691190204   16.025703301
   -2.570393989   -2.094395102  -98.775410936    0.614839458   16.384442288
   -2.379994435   -2.094395102  -97.722692561    9.600173023   16.402630763
   -2.189594880   -2.094395102  -95.405611135   14.034106991   16.194659475
   -1.999195325   -2.094395102  -92.564322425   15.459000007   15.816030826
   -1.808795770   -2.094395102  -89.569503952   15.997391024   15.197933308
   -1.618396215   -2.094395102  -86.427021807   17.178928900   14.112570101
   -1.427996661   -2.094395102  -82.959205106   19.354577085   12.245246605
   -1.237597106   -2.094395102  -79.034679246   21.781449860    9.334346944
   -1.047197551   -2.094395102  -74.722492501   23.174371300    5.340119558
   -0.856797996   -2.094395102  -70.344676474   22.240869683    0.531989866
   -0.666398442   -2.094395102  -66.446859402   17.914815486   -4.557154682
   -0.475998887   -2.094395102  -63.754547727    9.536511019   -9.298596797
   -0.285599332   -2.094395102  -63.067660820   -3.103902046  -13.173735578
   -0.095199777   -2.094395102  -65.131560326  -19.054643423  -15.912094196
    0.095199777   -2.094395102  -70.357267063  -35.716436821  -17.512735378
    0.285599332   -2.094395102  -78.488839411  -48.770452723  -18.148169677
    0.475998887   -2.094395102  -88.359073198  -53.174198624  -18.053141401
    0.666398442   -2.094395102  -97.928866534  -45.206104821  -17.423158277
    0.856797996   -2.094395102 -104.750470013  -24.646995704  -16.378107828
    1.047197551   -2.094395102 -106.763279159    4.240500868  -14.962249122
    1.237597106   -2.094395102 -103.088575369   33.682373517  -13.173380421
    1.427996661   -2.094395102  -94.434775145   55.268925473  -11.000065481
    1.618396215   -2.094395102  -82.909662336   63.234286564   -8.438066896
    1.808795770   -2.094395102  -71.298993821   56.345280270   -5.525859936
    1.999195325   -2.094395102  -62.201702134   37.623851541   -2.353505198
    2.189594880   -2.094395102  -57.370021574   12.560256861    0.936970162
    2.379994435   -2.094395102  -57.433809259  -12.839458747    4.177189842
    2.570393989   -2.094395102  -61.942605077  -33.418098727    7.205131004
    2.760793544   -2.094395102  -69.609389631  -45.602988568    9.891475824
    2.951193099   -2.094395102  -78.656224690  -47.864527122   12.153799652

   -3.141592654   -1.745329252  -84.784766534  -39.061039555    5.224875636
   -2.951193099   -1.745329252  -91.071645022  -26.459416563    6.144556828
   -2.760793544   -1.745329252  -94.692799287  -11.725042370    6.868971457
   -2.570393989   -1.745329252  -95.645316104    1.046927383    7.279590944
   -2.379994435   -1.745329252  -94.571347998    9.360809092    7.220768384
   -2.189594880   -1.745329252  -92.380383706   12.902230379    6.548629514
   -1.999195325   -1.745329252  -89.862323264   13.146415905    5.165516892
   -1.808795770   -1.745329252  -87.446358717   12.177662007    3.043909055
   -1.618396215   -1.745329252  -85.195878611   11.602613076    0.214855550
   -1.427996661   -1.745329252  -82.961333163   12.003944045   -3.223051911
   -1.237597106   -1.745329252  -80.578573842   13.046720570   -7.092664889
   -1.047197551   -1.745329252  -77.995809434   13.928504328  -11.107249556
   -0.856797996   -1.745329252  -75.331728589   13.708790634  -14.873611779
   -0.666398442   -1.745329252  -72.889860078   11.346449608  -17.949791389
   -0.475998887   -1.745329252  -71.188100059    5.797413884  -19.965153976
   -0.285599332   -1.745329252  -70.923257930   -3.819892766  -20.750162042
   -0.095199777   -1.745329252  -72.872264786  -17.265257257  -20.414690791
    0.095199777   -1.745329252  -77.595726709  -32.410658936  -19.322788301
    0.285599332   -1.745329252  -85.042415217  -45.051282599  -17.950632139
    0.475998887   -1.745329252  -94.237225028  -49.904726777  -16.721137315
    0.666398442   -1.745329252 -103.263518713  -42.792564577  -15.848492446
    0.856797996   -1.745329252 -109.703333377  -22.993997794  -15.288818801
    1.047197551   -1.745329252 -111.439076024    5.594149791  -14.790860750
    1.237597106   -1.745329252 -107.486463826   35.339038219  -14.027137301
    1.427996661   -1.745329252  -98.446568533   57.721762753  -12.746587945
    1.618396215   -1.745329252  -86.358035862   66.688700816  -10.858613592
    1.808795770   -1.745329252  -74.000330711   60.675072414   -8.464853831
    1.999195325   -1.745329252  -64.022305407   42.455954693   -5.803097340
    2.189594880   -1.745329252  -58.259064943   17.427693051   -3.158622391
    2.379994435   -1.745329252  -57.425277212   -8.343035633   -0.770429674
    2.570393989   -1.745329252  -61.133801867  -29.543177330    1.232101523
    2.760793544   -1.745329252  -68.129152309  -42.429058399    2.841482637
    2.951193099   -1.745329252  -76.635569595  -45.354066142    4.140070516

   -3.141592654   -1.396263402  -86.413441277  -38.516541647    3.001803837
   -2.951193099   -1.396263402  -92.566406074  -25.600183279    2.957507806
   -2.760793544   -1.396263402  -96.004932895  -10.731061779    2.782767089
   -2.570393989   -1.396263402  -96.790742100    1.698466597    2.429846429
   -2.379994435   -1.396263402  -95.676008755    9.022260007    1.717003904
   -2.189594880   -1.396263402  -93.693800942   10.953475562    0.376347586
   -1.999195325   -1.396263402  -91.732855750    9.212723810   -1.833444452
   -1.808795770   -1.396263402  -90.257487787    6.269867738   -4.988789260
   -1.618396215   -1.396263402  -89.286015672    4.187979644   -8.924263816
   -1.427996661   -1.396263402  -88.540807371    3.941092771  -13.235367068
   -1.237597106   -1.396263402  -87.668156267    5.440323085  -17.380039925
   -1.047197551   -1.396263402  -86.398313180    7.924773382  -20.805885174
   -0.856797996   -1.396263402  -84.647575141   10.249566560  -23.071765108
   -0.666398442   -1.396263402  -82.575911932   10.957274475  -23.921461829
   -0.475998887   -1.396263402  -80.654476988    8.435427438  -23.325519996
   -0.285599332   -1.396263402  -79.647657602    1.181238869  -21.498288011
   -0.095199777   -1.396263402  -80.509789796  -11.078121055  -18.876657096
    0.095199777   -1.396263402  -84.054404456  -26.447103487  -16.046011716
    0.285599332   -1.396263402  -90.490760194  -40.580451768  -13.574401064
    0.475998887   -1.396263402  -99.040022211  -47.655285701  -11.850969584
    0.666398442   -1.396263402 -107.851931879  -42.719607065  -10.951329426
    0.856797996   -1.396263402 -114.426503761  -24.313178837  -10.643017674
    1.047197551   -1.396263402 -116.451028954    4.080375658  -10.507892248
    1.237597106   -1.396263402 -112.711927308   34.754548282  -10.125544143
    1.427996661   -1.396263402 -103.636817786   58.719260708   -9.236570566
    1.618396215   -1.396263402  -91.201510737   69.263871981   -7.786944762
    1.808795770   -1.396263402  -78.242926083   64.270936813   -5.905550605
    1.999195325   -1.396263402  -67.546553560   46.254187935   -3.818359218
    2.189594880   -1.396263402  -61.101659951   20.679908698   -1.772164762
    2.379994435   -1.396263402  -59.737313165   -6.063395138    0.019460931
    2.570393989   -1.396263402  -63.108595223  -28.253706939    1.409924750
    2.760793544   -1.396263402  -69.930171781  -41.817308660    2.337696863
    2.951193099   -1.396263402  -78.348938981  -44.968877529    2.834754003

   -3.141592654   -1.047197551  -88.966186236  -40.270428235    4.614011461
   -2.951193099   -1.047197551  -95.422875386  -26.981151463    3.206711518
   -2.760793544   -1.047197551  -99.074457931  -11.602265689    1.637177526
   -2.570393989   -1.047197551  -99.996398356    1.050077008    0.021237254
   -2.379994435   -1.047197551  -99.035383280    7.918005370   -1.740923113
   -2.189594880   -1.047197551  -97.372459752    8.573810774   -3.940640605
   -1.999195325   -1.047197551  -96.034757612    4.994024089   -6.889344924
   -1.808795770   -1.047197551  -95.539669220    0.259760966  -10.677218767
   -1.618396215   -1.047197551  -95.825439135   -2.823291511  -15.021580044
   -1.427996661   -1.047197551  -96.407262514   -2.742108364  -19.287461984
   -1.237597106   -1.047197551  -96.660527766    0.522696894  -22.701391633
   -1.047197551   -1.047197551  -96.067505683    5.866466430  -24.621265144
   -0.856797996   -1.047197551  -94.395052230   11.498387692  -24.740814270
   -0.666398442   -1.047197551  -91.785333354   15.258753927  -23.137793712
   -0.475998887   -1.047197551  -88.818066053   14.933136883  -20.199700467
   -0.285599332   -1.047197551  -86.463847262    8.600727646  -16.496161781
   -0.095199777   -1.047197551  -85.940241782   -4.189029478  -12.648787209
    0.095199777   -1.047197551  -88.329583942  -21.384694965   -9.218476097
    0.285599332   -1.047197551  -94.043994632  -38.131011420   -6.576094423
    0.475998887   -1.047197551 -102.381045364  -47.801363005   -4.833360910
    0.666398442   -1.047197551 -111.406157111  -44.628673368   -3.829476915
    0.856797996   -1.047197551 -118.406618177  -26.660859288   -3.242936451
    1.047197551   -1.047197551 -120.814207141    2.573104182   -2.739393046
    1.237597106   -1.047197551 -117.215737487   34.834673692   -2.092664517
    1.427996661   -1.047197551 -107.963560629   60.443201105   -1.225769651
    1.618396215   -1.047197551  -95.079606136   72.127076920   -0.150045756
    1.808795770   -1.047197551  -81.525465083   67.525453422    1.086014305
    1.999195325   -1.047197551  -70.228843155   49.193022882    2.421424932
    2.189594880   -1.047197551  -63.296948342   22.786951537    3.759299124
    2.379994435   -1.047197551  -61.634661799   -5.066325669    4.940652280
    2.570393989   -1.047197551  -64.927239013  -28.407881670    5.757849015
    2.760793544   -1.047197551  -71.875130076  -42.931866811    6.015005044
    2.951193099   -1.047197551  -80.567830265  -46.652307319    5.614373095

   -3.141592654   -0.698131701  -89.214507172  -44.869775274    3.890837814
   -2.951193099   -0.698131701  -96.577444533  -31.770919105    1.331766679
   -2.760793544   -0.698131701 -101.109980630  -15.994558770   -1.290896926
   -2.570393989   -0.698131701 -102.815293800   -2.812738667   -3.756621367
   -2.379994435   -0.698131701 -102.569670215    4.156156299   -6.111079645
   -2.189594880   -0.698131701 -101.670826798    4.190040648   -8.649521509
   -1.999195325   -0.698131701 -101.271052629   -0.505255028  -11.700380129
   -1.808795770   -0.698131701 -101.919326700   -6.142229977  -15.322473310
   -1.618396215   -0.698131701 -103.432594177   -9.082646178  -19.116159111
   -1.427996661   -0.698131701 -105.073470896   -7.344110717  -22.292613313
   -1.237597106   -0.698131701 -105.934368561   -1.073829821  -23.996481477
   -1.047197551   -0.698131701 -105.302437639    7.901525172  -23.689209891
   -0.856797996   -0.698131701 -102.915415400   16.843886137  -21.382248438
   -0.666398442   -0.698131701  -99.054069465   22.829521980  -17.602552583
   -0.475998887   -0.698131701  -94.548450491   23.262609960  -13.150922825
   -0.285599332   -0.698131701  -90.652695179   16.238106777   -8.813714875
   -0.095199777   -0.698131701  -88.832519536    1.640224701   -5.136365013
    0.095199777   -0.698131701  -90.332429472  -17.907401583   -2.333362720
    0.285599332   -0.698131701  -95.603226603  -36.872156908   -0.295472792
    0.475998887   -0.698131701 -103.855260760  -48.002388585    1.286715547
    0.666398442   -0.698131701 -112.970552682  -45.206237852    2.756085383
    0.856797996   -0.698131701 -120.032955380  -26.625315964    4.298250743
    1.047197551   -0.698131701 -122.328274517    3.738053298    5.864941131
    1.237597106   -0.698131701 -118.401076492   37.056903007    7.236317861
    1.427996661   -0.698131701 -108.658491245   63.276276460    8.182230673
    1.618396215   -0.698131701  -95.218003212   75.057116200    8.635146457
    1.808795770   -0.698131701  -81.126758154   70.188226151    8.724008489
    1.999195325   -0.698131701  -69.365973836   51.376003508    8.673693581
    2.189594880   -0.698131701  -62.079291467   24.293915412    8.639057461
    2.379994435   -0.698131701  -60.216340369   -4.517884813    8.588727141
    2.570393989   -0.698131701  -63.523371282  -29.155462159    8.308722554
    2.760793544   -0.698131701  -70.756905888  -45.193701445    7.519382415
    2.951193099   -0.698131701  -80.019542139  -50.326029233    6.035828010

   -3.141592654   -0.349065850  -88.303075654  -50.471676740    2.400430927
   -2.951193099   -0.349065850  -96.771695871  -37.633427251   -0.979863915
   -2.760793544   -0.349065850 -102.388999950  -21.425913995   -4.250112173
   -2.570393989   -0.349065850 -105.062308551   -7.551740196   -7.151630045
   -2.379994435   -0.349065850 -105.675025984   -0.216309456   -9.701500992
   -2.189594880   -0.349065850 -105.625967287   -0.468675655  -12.165611659
   -1.999195325   -0.349065850 -106.178146562   -5.855776165  -14.820622702
   -1.808795770   -0.349065850 -107.888704153  -11.804409032  -17.648648327
   -1.618396215   -0.349065850 -110.415468070  -13.798492449  -20.170294604
   -1.427996661   -0.349065850 -112.734170686   -9.481230580  -21.582162953
   -1.237597106   -0.349065850 -113.656160508    0.545875560  -21.151072378
   -1.047197551   -0.349065850 -112.342436419   13.351556036  -18.631644550
   -0.856797996   -0.349065850 -108.635585789   24.986274974  -14.444280375
   -0.666398442   -0.349065850 -103.113499461   31.798738040   -9.509035650
   -0.475998887   -0.349065850  -96.972073873   31.199838839   -4.844356415
   -0.285599332   -0.349065850  -91.766231561   21.929122909   -1.170467325
   -0.095199777   -0.349065850  -89.105303563    4.805866429    1.315828262
    0.095199777   -0.349065850  -90.200458993  -16.663390420    2.922964689
    0.285599332   -0.349065850  -95.328359512  -36.404222888    4.259003769
    0.475998887   -0.349065850 -103.467216198  -47.104126822    5.923318108
    0.666398442   -0.349065850 -112.302705456  -43.115361275    8.228151959
    0.856797996   -0.349065850 -118.841885971  -23.307314710   11.033524481
    1.047197551   -0.349065850 -120.435152939    7.630067513   13.818018327
    1.237597106   -0.349065850 -115.787561187   40.569455734   15.936839556
    1.427996661   -0.349065850 -105.473279782   65.688190010   16.935731441
    1.618396215   -0.349065850  -91.697216777   76.191631843   16.758677827
    1.808795770   -0.349065850  -77.489336556   70.360234776   15.724234776
    1.999195325   -0.349065850  -65.750194333   51.050000134   14.304195611
    2.189594880   -0.349065850  -58.551502078   23.705740349   12.858481937
    2.379994435   -0.349065850  -56.835318167   -5.527788556   11.470278398
    2.570393989   -0.349065850  -60.410250231  -31.038969978    9.958004596
    2.760793544   -0.349065850  -68.122190906  -48.386526727    8.033244393
    2.951193099   -0.349065850  -78.128313085  -54.918655181    5.499267751

   -3.141592654    0.000000000  -87.527300018  -56.398373607    0.837378200
   -2.951193099    0.000000000  -97.144469654  -43.648055709   -2.173413622
   -2.760793544    0.000000000 -103.873185371  -26.999987862   -4.926730506
   -2.570393989    0.000000000 -107.545442040  -12.461461663   -7.291185575
   -2.379994435    0.000000000 -109.041520245   -4.638376174   -9.338807614
   -2.189594880    0.000000000 -109.816424054   -4.742146947  -11.286090673
   -1.999195325    0.000000000 -111.176933258  -10.026864604  -13.280873878
   -1.808795770    0.000000000 -113.628892941  -15.252847888  -15.178250489
   -1.618396215    0.000000000 -116.650119640  -15.310850873  -16.461363775
   -1.427996661    0.000000000 -118.971386970   -7.825381951  -16.441797702
   -1.237597106    0.000000000 -119.230307525    5.840672757  -14.643707216
   -1.047197551    0.000000000 -116.612213025   21.529460365  -11.147617887
   -0.856797996    0.000000000 -111.212698699   34.228515978   -6.644483689
   -0.666398442    0.000000000 -104.001159076   39.968094046   -2.157990451
   -0.475998887    0.000000000  -96.539093920   36.723274117    1.420074554
   -0.285599332    0.000000000  -90.575367731   24.398923596    3.703389647
   -0.095199777    0.000000000  -87.676476584    5.053703987    4.933600294
    0.095199777    0.000000000  -88.808206958  -16.991550715    5.815956175
    0.285599332    0.000000000  -93.911576559  -35.561811316    7.161690472
    0.475998887    0.000000000 -101.681677962  -43.973342292    9.509490030
    0.666398442    0.000000000 -109.691672436  -37.694913259   12.871312010
    0.856797996    0.000000000 -115.058640515  -16.697562488   16.698944018
    1.047197551    0.000000000 -115.413534645   13.722921607   20.114939716
    1.237597106    0.000000000 -109.782819766   44.600000316   22.291804151
    1.427996661    0.000000000  -98.963213693   66.935168473   22.790104273
    1.618396215    0.000000000  -85.200827986   74.927649910   21.695854828
    1.808795770    0.000000000  -71.401789368   67.518879562   19.507315902
    1.999195325    0.000000000  -60.272515537   47.637887425   16.844529085
    2.189594880    0.000000000  -53.726200713   20.318600751   14.173497218
    2.379994435    0.000000000  -52.645960792   -8.858606909   11.663599890
    2.570393989    0.000000000  -56.878072038  -34.685374723    9.224763929
    2.760793544    0.000000000  -65.349530499  -52.777405980    6.663950053
    2.951193099    0.000000000  -76.277647538  -60.203755156    3.852557833

   -3.141592654    0.349065850  -85.986202837  -61.071201478    0.875165210
   -2.951193099    0.349065850  -96.508904977  -48.407215579   -1.097451825
   -2.760793544    0.349065850 -104.127220648  -31.521029136   -2.806258034
   -2.570393989    0.349065850 -108.622252969  -16.559412159   -4.262940955
   -2.379994435    0.349065850 -110.858816906   -8.327225781   -5.564646944
   -2.189594880    0.349065850 -112.302982977   -8.070724557   -6.832335928
   -1.999195325    0.349065850 -114.251382394  -12.803320380   -8.075222794
   -1.808795770    0.349065850 -117.134087686  -16.860274577   -9.089988146
   -1.618396215    0.349065850 -120.281530936  -14.881841595   -9.470753502
   -1.427996661    0.349065850 -122.273471207   -4.738377383   -8.802989320
   -1.237597106    0.349065850 -121.697173079   11.415948443   -6.930422270
   -1.047197551    0.349065850 -117.864517898   28.453377046   -4.132203228
   -0.856797996    0.349065850 -111.154373166   40.768502289   -1.050490928
   -0.666398442    0.349065850 -102.863279579   44.567864784    1.601250261
   -0.475998887    0.349065850  -94.772111128   38.717164639    3.402557296
   -0.285599332    0.349065850  -88.641889345   24.333261594    4.435122154
   -0.095199777    0.349065850  -85.835582206    4.446945160    5.249159737
    0.095199777    0.349065850  -86.986956821  -16.303756196    6.607223550
    0.285599332    0.349065850  -91.719931056  -32.208126689    9.111398809
    0.475998887    0.349065850  -98.563780282  -37.657760558   12.901950422
    0.666398442    0.349065850 -105.156184975  -29.392015504   17.532104371
    0.856797996    0.349065850 -108.897104564   -8.295981805   22.090954026
    1.047197551    0.349065850 -107.808938630   20.161149632   25.542298696
    1.237597106    0.349065850 -101.261433806   47.647098275   27.125326702
    1.427996661    0.349065850  -90.218257903   66.293637375   26.622206544
    1.618396215    0.349065850  -76.874458317   71.381716916   24.366987627
    1.808795770    0.349065850  -63.920820170   62.432587671   21.040572823
    1.999195325    0.349065850  -53.800856755   42.310563535   17.356533078
    2.189594880    0.349065850  -48.225114928   15.523490790   13.827719750
    2.379994435    0.349065850  -47.991756425  -12.987381991   10.678367145
    2.570393989    0.349065850  -52.970792907  -38.476299165    7.902432860
    2.760793544    0.349065850  -62.168767290  -56.687298160    5.393836459
    2.951193099    0.349065850  -73.877385026  -64.510834284    3.056839076

   -3.141592654    0.698131701  -84.471986716  -63.632368438    1.019923874
   -2.951193099    0.698131701  -95.467003325  -50.791924188    0.551686927
   -2.760793544    0.698131701 -103.526388226  -33.758611341    0.241949686
   -2.570393989    0.698131701 -108.438284543  -18.699408139   -0.066944185
   -2.379994435    0.698131701 -111.078187989  -10.422208372   -0.491923585
   -2.189594880    0.698131701 -112.915722294  -10.077182049   -1.070378328
   -1.999195325    0.698131701 -115.220896944  -14.480364792   -1.725213172
   -1.808795770    0.698131701 -118.357363740  -17.760946254   -2.279052863
   -1.618396215    0.698131701 -121.565400001  -14.553432195   -2.513959077
   -1.427996661    0.698131701 -123.362206693   -3.030143170   -2.287388013
   -1.237597106    0.698131701 -122.354710114   14.123792735   -1.621335909
   -1.047197551    0.698131701 -117.976180665   31.313895327   -0.711584881
   -0.856797996    0.698131701 -110.781614917   42.862212713    0.189728297
   -0.666398442    0.698131701 -102.208501135   45.420784243    0.945537089
   -0.475998887    0.698131701  -94.054850686   38.642476212    1.674882498
   -0.285599332    0.698131701  -87.945235559   24.413644219    2.754492827
   -0.095199777    0.698131701  -84.993978563    6.129670368    4.687704790
    0.095199777    0.698131701  -85.573178449  -11.836423971    7.873591411
    0.285599332    0.698131701  -89.154619701  -24.615785340   12.357422000
    0.475998887    0.698131701  -94.310635446  -27.753181091   17.705010419
    0.666398442    0.698131701  -98.935629065  -19.001293137   23.044573253
    0.856797996    0.698131701 -100.829080576    0.345041172   27.313603427
    1.047197551    0.698131701  -98.414883109   25.212829043   29.623130519
    1.237597106    0.698131701  -91.320590651   48.321570300   29.571606353
    1.427996661    0.698131701  -80.540424263   63.023804437   27.358722482
    1.618396215    0.698131701  -68.094356843   65.489271294   23.630349324
    1.808795770    0.698131701  -56.385814409   55.499735742   19.201214215
    1.999195325    0.698131701  -47.579318294   35.616190163   14.775086130
    2.189594880    0.698131701  -43.194833784    9.767233769   10.810920532
    2.379994435    0.698131701  -43.951943434  -17.650982726    7.523448716
    2.570393989    0.698131701  -49.728647847  -42.234592618    4.962375923
    2.760793544    0.698131701  -59.580110671  -59.841593480    3.090099282
    2.951193099    0.698131701  -71.852575561  -67.303408943    1.817072097

   -3.141592654    1.047197551  -85.969265230  -63.551067050   -2.905831023
   -2.951193099    1.047197551  -96.854955018  -49.787511473   -1.966492015
   -2.760793544    1.047197551 -104.674810128  -32.320244063   -0.886098921
   -2.570393989    1.047197551 -109.310918039  -17.304539352    0.049535278
   -2.379994435    1.047197551 -111.717026336   -9.391313879    0.692971307
   -2.189594880    1.047197551 -113.402677898   -9.502159633    1.039991232
   -1.999195325    1.047197551 -115.634559345  -14.256164321    1.171339447
   -1.808795770    1.047197551 -118.747095646  -17.704754878    1.160396540
   -1.618396215    1.047197551 -121.951556375  -14.570659788    1.016882853
   -1.427996661    1.047197551 -123.762598793   -3.190900770    0.690696120
   -1.237597106    1.047197551 -122.812430686   13.641822141    0.151448398
   -1.047197551    1.047197551 -118.565455161   30.408361982   -0.520123448
   -0.856797996    1.047197551 -111.570860289   41.726130235   -1.072820971
   -0.666398442    1.047197551 -103.191945937   44.650884401   -1.110540122
   -0.475998887    1.047197551  -95.078482240   39.154976172   -0.186143274
   -0.285599332    1.047197551  -88.670646449   27.175429559    2.060686210
   -0.095199777    1.047197551  -84.925669048   11.764300204    5.790037109
    0.095199777    1.047197551  -84.158901421   -3.422854610   10.862073074
    0.285599332    1.047197551  -85.944398805  -14.401079555   16.768204782
    0.475998887    1.047197551  -89.118189394  -17.481751100   22.666024103
    0.666398442    1.047197551  -91.945625380  -10.721356026   27.520918158
    0.856797996    1.047197551  -92.592361920    4.945216054   30.387682685
    1.047197551    1.047197551  -89.720745993   25.386677219   30.717688741
    1.237597106    1.047197551  -82.991660209   44.469859421   28.544145451
    1.427996661    1.047197551  -73.233639028   56.385979074   24.444732728
    1.618396215    1.047197551  -62.196100571   57.571412452   19.268985994
    1.808795770    1.047197551  -52.015356449   47.527425162   13.841520046
    1.999195325    1.047197551  -44.670939304   28.304820461    8.761424664
    2.189594880    1.047197551  -41.589085381    3.419513378    4.383724956
    2.379994435    1.047197551  -43.452109363  -22.902000432    0.902964963
    2.570393989    1.047197551  -50.114414582  -46.255388288   -1.563288445
    2.760793544    1.047197551  -60.603060190  -62.486481404   -2.959742099
    2.951193099    1.047197551  -73.243455372  -68.517048575   -3.341928919

   -3.141592654    1.396263402  -90.297821102  -61.699756367   -9.986189142
   -2.951193099    1.396263402 -100.703547289  -46.711904152   -8.473122193
   -2.760793544    1.396263402 -107.882087091  -28.774513640   -6.686308762
   -2.570393989    1.396263402 -111.851445594  -13.929386397   -4.930075501
   -2.379994435    1.396263402 -113.663673476   -6.565630455   -3.354065248
   -2.189594880    1.396263402 -114.876361933   -7.370867464   -1.963568258
   -1.999195325    1.396263402 -116.773724814  -12.892740683   -0.719282930
   -1.808795770    1.396263402 -119.711210783  -17.270709392    0.344129207
   -1.618396215    1.396263402 -122.941507023  -15.325466623    1.089936166
   -1.427996661    1.396263402 -125.022199513   -5.276434734    1.362923513
   -1.237597106    1.396263402 -124.576954191   10.503414268    1.155613373
   -1.047197551    1.396263402 -120.962468517   27.082501597    0.714194772
   -0.856797996    1.396263402 -114.513832730   39.555224764    0.511941651
   -0.666398442    1.396263402 -106.324595153   45.043202169    1.085455765
   -0.475998887    1.396263402  -97.808526328   43.092296208    2.835059238
   -0.285599332    1.396263402  -90.290269546   34.856458705    5.884240791
   -0.095199777    1.396263402  -84.776361913   22.477271153   10.044345032
    0.095199777    1.396263402  -81.796189068    8.804996181   14.838719040
    0.285599332    1.396263402  -81.267069225   -2.676120690   19.552483032
    0.475998887    1.396263402  -82.424976406   -8.363188163   23.356089992
    0.666398442    1.396263402  -83.903161312   -5.870825991   25.479356769
    0.856797996    1.396263402  -84.101324883    4.787199254   25.449316032
    1.047197551    1.396263402  -81.712046455   20.634194944   23.253913756
    1.237597106    1.396263402  -76.221597897   36.489652087   19.340815490
    1.427996661    1.396263402  -68.153831760   46.882071796   14.440456012
    1.618396215    1.396263402  -58.952481864   47.966030134    9.266674881
    1.808795770    1.396263402  -50.541101821   38.618488823    4.321160239
    1.999195325    1.396263402  -44.803277136   20.349611769   -0.147054501
    2.189594880    1.396263402  -43.140109643   -3.511815546   -4.024074923
    2.379994435    1.396263402  -46.212253884  -28.617160726   -7.193569254
    2.570393989    1.396263402  -53.818344823  -50.373472140   -9.481561736
    2.760793544    1.396263402  -64.907810613  -64.617458510  -10.714599686
    2.951193099    1.396263402  -77.752709133  -68.522930588  -10.837183706

   -3.141592654    1.745329252  -96.449860764  -59.320924005  -17.062103769
   -2.951193099    1.745329252 -106.274348984  -43.108237860  -15.544004070
   -2.760793544    1.745329252 -112.707357010  -24.661800880  -13.498085682
   -2.570393989    1.745329252 -115.893422644   -9.890339466  -11.179799353
   -2.379994435    1.745329252 -116.970963574   -2.921607658   -8.733408663
   -2.189594880    1.745329252 -117.538424927   -4.255431864   -6.197626186
   -1.999195325    1.745329252 -118.902163133  -10.441498328   -3.606838000
   -1.808795770    1.745329252 -121.454844819  -15.737054457   -1.101912870
   -1.618396215    1.745329252 -124.502571551  -14.984516203    1.063220907
   -1.427996661    1.745329252 -126.633435715   -6.111191663    2.637953307
   -1.237597106    1.745329252 -126.416496154    9.074714738    3.569115236
   -1.047197551    1.745329252 -123.043128442   26.184273057    4.105273768
   -0.856797996    1.745329252 -116.610026730   40.485145168    4.728847241
   -0.666398442    1.745329252 -107.990803608   48.724611356    5.939989856
   -0.475998887    1.745329252  -98.491952103   49.680979138    8.017744167
   -0.285599332    1.745329252  -89.491022796   43.658312189   10.893966468
   -0.095199777    1.745329252  -82.195684734   32.121234416   14.167538317
    0.095199777    1.745329252  -77.435597192   17.553212294   17.216982923
    0.285599332    1.745329252  -75.464230895    3.458962167   19.342363390
    0.475998887    1.745329252  -75.810573815   -6.134247024   19.949899500
    0.666398442    1.745329252  -77.282536738   -8.017202017   18.716763980
    0.856797996    1.745329252  -78.272362304   -1.198392296   15.730583648
    1.047197551    1.745329252  -77.282593361   12.187055390   11.479946140
    1.237597106    1.745329252  -73.498936969   27.271471610    6.682222607
    1.427996661    1.745329252  -67.148698211   38.213622913    2.023758945
    1.618396215    1.745329252  -59.493165824   40.423692725   -2.095458050
    1.808795770    1.745329252  -52.415526761   32.092993604   -5.618346630
    1.999195325    1.745329252  -47.852992348   14.474750321   -8.708718529
    2.189594880    1.745329252  -47.263438088   -8.903591925  -11.530754013
    2.379994435    1.745329252  -51.300697954  -33.279438880  -14.077625156
    2.570393989    1.745329252  -59.682619549  -53.747820599  -16.145341464
    2.760793544    1.745329252  -71.247367125  -66.148996718  -17.442480616
    2.951193099    1.745329252  -84.188486958  -67.981859107  -17.754857678

   -3.141592654    2.094395102 -103.798462525  -57.783956105  -19.079077769
   -2.951193099    2.094395102 -113.200583806  -40.290464580  -17.673582487
   -2.760793544    2.094395102 -119.007668792  -20.980103796  -15.611351644
   -2.570393989    2.094395102 -121.439779333   -5.705657668  -13.079546159
   -2.379994435    2.094395102 -121.689835459    1.557101292  -10.186883332
   -2.189594880    2.094395102 -121.386408720    0.384992538   -6.956026612
   -1.999195325    2.094395102 -121.865469707   -5.845244805   -3.417493478
   -1.808795770    2.094395102 -123.573013247  -11.528434370    0.272541559
   -1.618396215    2.094395102 -125.885336400  -11.524887626    3.810634672
   -1.427996661    2.094395102 -127.438915903   -3.498015329    6.850258039
   -1.237597106    2.094395102 -126.778663578   11.209110741    9.197162377
   -1.047197551    2.094395102 -122.985982133   28.584401707   10.925064527
   -0.856797996    2.094395102 -116.006862454   43.917570542   12.325141567
   -0.666398442    2.094395102 -106.603365075   53.524998947   13.708611560
   -0.475998887    2.094395102  -96.080365539   55.519209234   15.189433135
   -0.285599332    2.094395102  -85.940807995   49.575938381   16.593405748
   -0.095199777    2.094395102  -77.614205600   36.806381603   17.501652598
    0.095199777    2.094395102  -72.184163555   19.705037165   17.406218867
    0.285599332    2.094395102  -70.120273484    2.176869181   15.882184701
    0.475998887    2.094395102  -71.059244251  -11.040555212   12.770795727
    0.666398442    2.094395102  -73.764216964  -15.866614518    8.285292598
    0.856797996    2.094395102  -76.423315217  -10.597587664    3.028414021
    1.047197551    2.094395102  -77.237108931    2.903117060   -2.175183275
    1.237597106    2.094395102  -75.097553379   19.451075136   -6.566747831
    1.427996661    2.094395102  -70.045765731   32.408878005   -9.727479227
    1.618396215    2.094395102  -63.321274705   36.344992601  -11.719573663
    1.808795770    2.094395102  -56.918612749   28.939130790  -12.977801693
    1.999195325    2.094395102  -52.934496405   11.453419086  -14.044765713
    2.189594880    2.094395102  -52.941894465  -12.157668645  -15.292910037
    2.379994435    2.094395102  -57.611228115  -36.582994122  -16.771947045
    2.570393989    2.094395102  -66.583756041  -56.526896499  -18.237561444
    2.760793544    2.094395102  -78.576754502  -67.763499220  -19.305615324
    2.951193099    2.094395102  -91.680863881  -68.031692197  -19.638781255

   -3.141592654    2.443460953 -110.223895433  -56.971653040  -12.716244067
   -2.951193099    2.443460953 -119.360794542  -38.348760214  -11.152934528
   -2.760793544    2.443460953 -124.694714351  -17.975799826   -9.194957088
   -2.570393989    2.443460953 -126.456311102   -1.674548994   -6.962017151
   -2.379994435    2.443460953 -125.838081680    6.648534899   -4.460338291
   -2.189594880    2.443460953 -124.462882459    6.532674750   -1.578808335
   -1.999195325    2.443460953 -123.684682825    1.143092248    1.799744461
   -1.808795770    2.443460953 -124.019497383   -4.210115157    5.642461952
   -1.618396215    2.443460953 -124.961233876   -4.569322406    9.690549216
   -1.427996661    2.443460953 -125.272004599    2.526715753   13.520925556
   -1.237597106    2.443460953 -123.570433639   16.124508541   16.727883632
   -1.047197551    2.443460953 -118.931494519   32.611719071   19.079945036
   -0.856797996    2.443460953 -111.240509262   47.411736346   20.548366064
   -0.666398442    2.443460953 -101.209978637   56.587487274   21.200282903
   -0.475998887    2.443460953  -90.169028460   57.790333688   21.046290577
   -0.285599332    2.443460953  -79.731455845   50.278429368   19.973371542
   -0.095199777    2.443460953  -71.493087345   35.033595566   17.773450911
    0.095199777    2.443460953  -66.692746929   14.784610505   14.273816294
    0.285599332    2.443460953  -65.877889562   -5.976548572    9.478067084
    0.475998887    2.443460953  -68.627923307  -21.727441425    3.687016073
    0.666398442    2.443460953  -73.498614711  -27.622458278   -2.484698329
    0.856797996    2.443460953  -78.351855848  -21.556285320   -8.203670842
    1.047197551    2.443460953  -81.038596437   -5.576463436  -12.665992072
    1.237597106    2.443460953  -80.197460063   14.357704553  -15.379815014
    1.427996661    2.443460953  -75.798837316   30.527972901  -16.341889446
    1.618396215    2.443460953  -69.207737211   36.605124054  -16.019324051
    1.808795770    2.443460953  -62.666327126   29.915277474  -15.119860253
    1.999195325    2.443460953  -58.526283921   11.976291150  -14.288471153
    2.189594880    2.443460953  -58.525898591  -12.616550852  -13.884462878
    2.379994435    2.443460953  -63.370815773  -37.889469977  -13.914576951
    2.570393989    2.443460953  -72.630172002  -58.114993404  -14.123628076
    2.760793544    2.443460953  -84.898935397  -68.965363007  -14.160462973
    2.951193099    2.443460953  -98.153058703  -68.342704807  -13.733851970

   -3.141592654    2.792526803 -113.074774105  -55.740348792    2.102947515
   -2.951193099    2.792526803 -121.928261666  -36.629692959    4.043913454
   -2.760793544    2.792526803 -126.888021418  -15.773900508    5.730100590
   -2.570393989    2.792526803 -128.177831838    1.101528206    7.176396384
   -2.379994435    2.792526803 -126.957927196   10.238381385    8.613668548
   -2.189594880    2.792526803 -124.797054107   11.234732998   10.423733086
   -1.999195325    2.792526803 -123.003152528    7.103445827   12.951190336
   -1.808795770    2.792526803 -122.095594445    2.809358819   16.281766429
   -1.618396215    2.792526803 -121.643202341    2.931022676   20.126099241
   -1.427996661    2.792526803 -120.541793248    9.724499719   23.891203246
   -1.237597106    2.792526803 -117.558533989   22.281305050   26.907339007
   -1.047197551    2.792526803 -111.890880842   37.188446849   28.666205397
   -0.856797996    2.792526803 -103.507610174   50.052933148   28.933253876
   -0.666398442    2.792526803  -93.182325976   56.980197526   27.703512598
   -0.475998887    2.792526803  -82.308366297   55.580909868   25.073187111
   -0.285599332    2.792526803  -72.567475977   45.122550423   21.159174018
   -0.095199777    2.792526803  -65.603525668   26.814474106   16.093225895
    0.095199777    2.792526803  -62.636122005    3.857618680   10.096707851
    0.285599332    2.792526803  -64.086692625  -18.629281116    3.551179558
    0.475998887    2.792526803  -69.290020843  -34.551073498   -2.973035248
    0.666398442    2.792526803  -76.474211069  -38.787441941   -8.785749782
    0.856797996    2.792526803  -83.166329175  -29.478867987  -13.211880257
    1.047197551    2.792526803  -86.979944686   -9.425244711  -15.792110502
    1.237597106    2.792526803  -86.492583022   14.377824335  -16.444736152
    1.427996661    2.792526803  -81.805913796   33.301598105  -15.495878661
    1.618396215    2.792526803  -74.547927233   40.586558250  -13.548216755
    1.808795770    2.792526803  -67.248379150   33.720091004  -11.245409192
    1.999195325    2.792526803  -62.472301011   14.782378007   -9.046846458
    2.189594880    2.792526803  -62.051863270  -10.982516141   -7.127866724
    2.379994435    2.792526803  -66.677491532  -37.140729641   -5.418371312
    2.570393989    2.792526803  -75.840591846  -57.770756261   -3.735240194
    2.760793544    2.792526803  -88.044977075  -68.572025115   -1.923781927
    2.951193099    2.792526803 -101.192977335  -67.595926917    0.054207902
